@RUN EXCODE      TRNO RN CR EDAPS EDAPM B1DAPS B1DAPM B2DAPS B2DAPM B3DAPS B3DAPM B4DAPS B4DAPM B5DAPS B5DAPM B6DAPS B6DAPM B7DAPS B7DAPM B8DAPS B8DAPM B9DAPS B9DAPM B10DPS B10DPM B11DPS B11DPM B12DPS B12DPM B13DPS B13DPM B14DPS B14DPM B15DPS B15DPM B16DPS B16DPM   HWAMS   HWAMM   FWAMS   FWAMM LAIXS LAIXM L#SMS L#SMM BR#SS BR#SM CWAMS CWAMM VWAMS VWAMM HIAMS HIAMM HN%MS HN%MM VN%MS VN%MM CNAMS CNAMM HNAMS HNAMM HINMS HINMM
   1 UYAB1901CS     1  0 CS     8   -99    -99     87    -99    128    -99    -99    -99    -99    -99    -99    -99    -99    -99    -99    -99    -99    -99    -99    -99    -99    -99    -99    -99    -99    -99    -99    -99    -99    -99    -99    -99    -99   15199   12507   53424     -99   3.1   5.0 405.2 -99.0   1.0 -99.0  9988  4729  9988  4729 0.624 0.726   -99   -99   -99   -99   -99   -99   -99   -99   -99   -99
   2 UYAG1701CS     1  0 CS     8   -99    -99     87    -99    128    -99    -99    -99    -99    -99    -99    -99    -99    -99    -99    -99    -99    -99    -99    -99    -99    -99    -99    -99    -99    -99    -99    -99    -99    -99    -99    -99    -99   13931   12289   47832     -99   2.4   5.0 329.9 -99.0   1.0 -99.0  9157 10122  9157 10122 0.620 0.548   -99   -99   -99   -99   -99   -99   -99   -99   -99   -99
   3 UYAG1801CS     1  0 CS     8   -99    -99     87    -99    128    -99    -99    -99    -99    -99    -99    -99    -99    -99    -99    -99    -99    -99    -99    -99    -99    -99    -99    -99    -99    -99    -99    -99    -99    -99    -99    -99    -99   21194   10693   73318     -99   3.1   5.0 389.5 -99.0   1.0 -99.0 10190 11823 10190 11823 0.706 0.475   -99   -99   -99   -99   -99   -99   -99   -99   -99   -99
   4 UYAG1901CS     1  0 CS     8   -99    -99     87    -99    128    -99    -99    -99    -99    -99    -99    -99    -99    -99    -99    -99    -99    -99    -99    -99    -99    -99    -99    -99    -99    -99    -99    -99    -99    -99    -99    -99    -99   22252   18991   77499     -99   3.1   5.0 394.2 -99.0   1.0 -99.0 10294  9734 10294  9734 0.716 0.661   -99   -99   -99   -99   -99   -99   -99   -99   -99   -99
   5 UYIB1701CS     1  0 CS     8   -99    -99     86    -99    127    -99    -99    -99    -99    -99    -99    -99    -99    -99    -99    -99    -99    -99    -99    -99    -99    -99    -99    -99    -99    -99    -99    -99    -99    -99    -99    -99    -99   17422   15661   58973     -99   2.0   5.0 372.9 -99.0   1.0 -99.0  9895  6194  9895  6194 0.662 0.717   -99   -99   -99   -99   -99   -99   -99   -99   -99   -99
   6 UYIB1801CS     1  0 CS     8   -99    -99     35    -99     76    -99    -99    -99    -99    -99    -99    -99    -99    -99    -99    -99    -99    -99    -99    -99    -99    -99    -99    -99    -99    -99    -99    -99    -99    -99    -99    -99    -99   17884   19598   60886     -99   2.5   5.0 368.4 -99.0   1.0 -99.0 10170  6726 10170  6726 0.662 0.744   -99   -99   -99   -99   -99   -99   -99   -99   -99   -99
   7 UYIB1901CS     1  0 CS     8   -99    -99     86    -99    127    -99    -99    -99    -99    -99    -99    -99    -99    -99    -99    -99    -99    -99    -99    -99    -99    -99    -99    -99    -99    -99    -99    -99    -99    -99    -99    -99    -99   20970   10594   73260     -99   3.1   5.0 354.4 -99.0   1.0 -99.0  9707  6203  9707  6203 0.715 0.631   -99   -99   -99   -99   -99   -99   -99   -99   -99   -99
   8 UYIB2001CS     1  0 CS     8   -99    -99    418    -99    459    -99    -99    -99    -99    -99    -99    -99    -99    -99    -99    -99    -99    -99    -99    -99    -99    -99    -99    -99    -99    -99    -99    -99    -99    -99    -99    -99    -99   15199   14954   53424     -99   3.1   5.0 405.2 -99.0   1.0 -99.0  9988 14146  9988 14146 0.624 0.514   -99   -99   -99   -99   -99   -99   -99   -99   -99   -99
   9 UYIK1701CS     1  0 CS     9   -99    -99     87    -99    128    -99    -99    -99    -99    -99    -99    -99    -99    -99    -99    -99    -99    -99    -99    -99    -99    -99    -99    -99    -99    -99    -99    -99    -99    -99    -99    -99    -99   20142   13302   68663     -99   2.5   5.0 388.8 -99.0   1.0 -99.0 10390  7812 10390  7812 0.688 0.630   -99   -99   -99   -99   -99   -99   -99   -99   -99   -99
  10 UYIK1801CS     1  0 CS     8   -99    -99     87    -99    128    -99    -99    -99    -99    -99    -99    -99    -99    -99    -99    -99    -99    -99    -99    -99    -99    -99    -99    -99    -99    -99    -99    -99    -99    -99    -99    -99    -99   22372    8592   77308     -99   3.1   5.0 400.3 -99.0   1.0 -99.0 10293  7049 10293  7049 0.718 0.549   -99   -99   -99   -99   -99   -99   -99   -99   -99   -99
  11 UYIK1901CS     1  0 CS     8   -99    -99     87    -99    128    -99    -99    -99    -99    -99    -99    -99    -99    -99    -99    -99    -99    -99    -99    -99    -99    -99    -99    -99    -99    -99    -99    -99    -99    -99    -99    -99    -99   23516   17732   81612     -99   3.0   5.0 419.4 -99.0   1.0 -99.0 10521 14635 10521 14635 0.726 0.548   -99   -99   -99   -99   -99   -99   -99   -99   -99   -99
  12 UYKA1801CS     1  0 CS     8   -99    -99     87    -99    128    -99    -99    -99    -99    -99    -99    -99    -99    -99    -99    -99    -99    -99    -99    -99    -99    -99    -99    -99    -99    -99    -99    -99    -99    -99    -99    -99    -99    3463    4143   18743     -99   2.7   5.0 311.5 -99.0   1.0 -99.0  8031  5955  8031  5955 0.291 0.410   -99   -99   -99   -99   -99   -99   -99   -99   -99   -99
  13 UYMO1701CS     1  0 CS     8   -99    -99     87    -99    128    -99    -99    -99    -99    -99    -99    -99    -99    -99    -99    -99    -99    -99    -99    -99    -99    -99    -99    -99    -99    -99    -99    -99    -99    -99    -99    -99    -99    7989   16797   29101     -99   1.4   5.0 385.1 -99.0   1.0 -99.0  8216  9049  8216  9049 0.496 0.650   -99   -99   -99   -99   -99   -99   -99   -99   -99   -99
  14 UYMO1801CS     1  0 CS     8   -99    -99     87    -99    128    -99    -99    -99    -99    -99    -99    -99    -99    -99    -99    -99    -99    -99    -99    -99    -99    -99    -99    -99    -99    -99    -99    -99    -99    -99    -99    -99    -99    9432   10789   36481     -99   3.0   5.0 363.6 -99.0   1.0 -99.0  8902 12240  8902 12240 0.521 0.468   -99   -99   -99   -99   -99   -99   -99   -99   -99   -99
  15 UYMO1901CS     1  0 CS     8   -99    -99     87    -99    128    -99    -99    -99    -99    -99    -99    -99    -99    -99    -99    -99    -99    -99    -99    -99    -99    -99    -99    -99    -99    -99    -99    -99    -99    -99    -99    -99    -99    9415    7136   36837     -99   3.0   5.0 371.1 -99.0   1.0 -99.0  8878  7635  8878  7635 0.521 0.483   -99   -99   -99   -99   -99   -99   -99   -99   -99   -99
  16 UYON1801CS     1  0 CS     8   -99    -99     87    -99    128    -99    -99    -99    -99    -99    -99    -99    -99    -99    -99    -99    -99    -99    -99    -99    -99    -99    -99    -99    -99    -99    -99    -99    -99    -99    -99    -99    -99   27081    8069   91980     -99   3.4   5.0 356.6 -99.0   1.0 -99.0 10857  4306 10857  4306 0.752 0.652   -99   -99   -99   -99   -99   -99   -99   -99   -99   -99
  17 UYOT1801CS     1  0 CS     8   -99    -99     87    -99    128    -99    -99    -99    -99    -99    -99    -99    -99    -99    -99    -99    -99    -99    -99    -99    -99    -99    -99    -99    -99    -99    -99    -99    -99    -99    -99    -99    -99   15314   19153   52627     -99   3.1   5.0 382.4 -99.0   1.0 -99.0  9770  6821  9770  6821 0.630 0.737   -99   -99   -99   -99   -99   -99   -99   -99   -99   -99
  18 UYUB1901CS     1  0 CS     8   -99    -99     86    -99    127    -99    -99    -99    -99    -99    -99    -99    -99    -99    -99    -99    -99    -99    -99    -99    -99    -99    -99    -99    -99    -99    -99    -99    -99    -99    -99    -99    -99   20606    5890   71474     -99   3.3   5.0 362.9 -99.0   1.0 -99.0 10157  2911 10157  2911 0.700 0.669   -99   -99   -99   -99   -99   -99   -99   -99   -99   -99
  19 UYUM1801CS     1  0 CS     9   -99    -99     87    -99    128    -99    -99    -99    -99    -99    -99    -99    -99    -99    -99    -99    -99    -99    -99    -99    -99    -99    -99    -99    -99    -99    -99    -99    -99    -99    -99    -99    -99   20849   12787   71104     -99   3.1   5.0 388.7 -99.0   1.0 -99.0 10292  5867 10292  5867 0.699 0.685   -99   -99   -99   -99   -99   -99   -99   -99   -99   -99
  20 UYZA1901CS     1  0 CS     8   -99    -99     87    -99    128    -99    -99    -99    -99    -99    -99    -99    -99    -99    -99    -99    -99    -99    -99    -99    -99    -99    -99    -99    -99    -99    -99    -99    -99    -99    -99    -99    -99   10056    7766   36926     -99   3.2   5.0 358.1 -99.0   1.0 -99.0  9279  4823  9279  4823 0.528 0.617   -99   -99   -99   -99   -99   -99   -99   -99   -99   -99
   1 UYAB1901CS     1  0 CS     8   -99    -99     87    -99    128    -99    -99    -99    -99    -99    -99    -99    -99    -99    -99    -99    -99    -99    -99    -99    -99    -99    -99    -99    -99    -99    -99    -99    -99    -99    -99    -99    -99   28619   12507   99018     -99   4.7   5.0 389.8 -99.0   1.0 -99.0  7042  4729  7042  4729 0.848 0.726   -99   -99   -99   -99   -99   -99   -99   -99   -99   -99
   2 UYAG1701CS     1  0 CS     8   -99    -99     87    -99    128    -99    -99    -99    -99    -99    -99    -99    -99    -99    -99    -99    -99    -99    -99    -99    -99    -99    -99    -99    -99    -99    -99    -99    -99    -99    -99    -99    -99   27612   12289   94727     -99   4.6   5.0 307.3 -99.0   1.0 -99.0  6648 10122  6648 10122 0.850 0.548   -99   -99   -99   -99   -99   -99   -99   -99   -99   -99
   3 UYAG1801CS     1  0 CS     8   -99    -99     87    -99    128    -99    -99    -99    -99    -99    -99    -99    -99    -99    -99    -99    -99    -99    -99    -99    -99    -99    -99    -99    -99    -99    -99    -99    -99    -99    -99    -99    -99   36499   10693  125941     -99   4.7   5.0 371.9 -99.0   1.0 -99.0  7728 11823  7728 11823 0.878 0.475   -99   -99   -99   -99   -99   -99   -99   -99   -99   -99
   4 UYAG1901CS     1  0 CS     8   -99    -99     87    -99    128    -99    -99    -99    -99    -99    -99    -99    -99    -99    -99    -99    -99    -99    -99    -99    -99    -99    -99    -99    -99    -99    -99    -99    -99    -99    -99    -99    -99   36189   18991  125500     -99   4.7   5.0 373.1 -99.0   1.0 -99.0  7602  9734  7602  9734 0.880 0.661   -99   -99   -99   -99   -99   -99   -99   -99   -99   -99
   5 UYIB1701CS     1  0 CS     8   -99    -99     86    -99    127    -99    -99    -99    -99    -99    -99    -99    -99    -99    -99    -99    -99    -99    -99    -99    -99    -99    -99    -99    -99    -99    -99    -99    -99    -99    -99    -99    -99   33679   15661  114507     -99   4.5   5.0 350.9 -99.0   1.0 -99.0  7673  6194  7673  6194 0.864 0.717   -99   -99   -99   -99   -99   -99   -99   -99   -99   -99
   6 UYIB1801CS     1  0 CS     8   -99    -99     35    -99     76    -99    -99    -99    -99    -99    -99    -99    -99    -99    -99    -99    -99    -99    -99    -99    -99    -99    -99    -99    -99    -99    -99    -99    -99    -99    -99    -99    -99   35818   19598  121744     -99   4.7   5.0 367.5 -99.0   1.0 -99.0  7935  6726  7935  6726 0.870 0.744   -99   -99   -99   -99   -99   -99   -99   -99   -99   -99
   7 UYIB1901CS     1  0 CS     8   -99    -99     86    -99    127    -99    -99    -99    -99    -99    -99    -99    -99    -99    -99    -99    -99    -99    -99    -99    -99    -99    -99    -99    -99    -99    -99    -99    -99    -99    -99    -99    -99   33128   10594  115287     -99   4.7   5.0 338.0 -99.0   1.0 -99.0  7062  6203  7062  6203 0.875 0.631   -99   -99   -99   -99   -99   -99   -99   -99   -99   -99
   8 UYIB2001CS     1  0 CS     8   -99    -99    418    -99    459    -99    -99    -99    -99    -99    -99    -99    -99    -99    -99    -99    -99    -99    -99    -99    -99    -99    -99    -99    -99    -99    -99    -99    -99    -99    -99    -99    -99   28619   14954   99018     -99   4.7   5.0 389.8 -99.0   1.0 -99.0  7042 14146  7042 14146 0.848 0.514   -99   -99   -99   -99   -99   -99   -99   -99   -99   -99
   9 UYIK1701CS     1  0 CS     9   -99    -99     87    -99    128    -99    -99    -99    -99    -99    -99    -99    -99    -99    -99    -99    -99    -99    -99    -99    -99    -99    -99    -99    -99    -99    -99    -99    -99    -99    -99    -99    -99   38196   13302  130337     -99   4.7   5.0 372.4 -99.0   1.0 -99.0  8116  7812  8116  7812 0.879 0.630   -99   -99   -99   -99   -99   -99   -99   -99   -99   -99
  10 UYIK1801CS     1  0 CS     8   -99    -99     87    -99    128    -99    -99    -99    -99    -99    -99    -99    -99    -99    -99    -99    -99    -99    -99    -99    -99    -99    -99    -99    -99    -99    -99    -99    -99    -99    -99    -99    -99   38362    8592  132242     -99   4.7   5.0 382.5 -99.0   1.0 -99.0  7884  7049  7884  7049 0.884 0.549   -99   -99   -99   -99   -99   -99   -99   -99   -99   -99
  11 UYIK1901CS     1  0 CS     8   -99    -99     87    -99    128    -99    -99    -99    -99    -99    -99    -99    -99    -99    -99    -99    -99    -99    -99    -99    -99    -99    -99    -99    -99    -99    -99    -99    -99    -99    -99    -99    -99   38402   17732  132792     -99   4.7   5.0 391.5 -99.0   1.0 -99.0  7855 14635  7855 14635 0.885 0.548   -99   -99   -99   -99   -99   -99   -99   -99   -99   -99
  12 UYKA1801CS     1  0 CS     8   -99    -99     87    -99    128    -99    -99    -99    -99    -99    -99    -99    -99    -99    -99    -99    -99    -99    -99    -99    -99    -99    -99    -99    -99    -99    -99    -99    -99    -99    -99    -99    -99   12875    4143   45281     -99   4.7   5.0 307.3 -99.0   1.0 -99.0  5068  5955  5068  5955 0.747 0.410   -99   -99   -99   -99   -99   -99   -99   -99   -99   -99
  13 UYMO1701CS     1  0 CS     8   -99    -99     87    -99    128    -99    -99    -99    -99    -99    -99    -99    -99    -99    -99    -99    -99    -99    -99    -99    -99    -99    -99    -99    -99    -99    -99    -99    -99    -99    -99    -99    -99   20693   16797   70709     -99   4.6   5.0 371.2 -99.0   1.0 -99.0  6381  9049  6381  9049 0.809 0.650   -99   -99   -99   -99   -99   -99   -99   -99   -99   -99
  14 UYMO1801CS     1  0 CS     8   -99    -99     87    -99    128    -99    -99    -99    -99    -99    -99    -99    -99    -99    -99    -99    -99    -99    -99    -99    -99    -99    -99    -99    -99    -99    -99    -99    -99    -99    -99    -99    -99   19737   10789   69213     -99   4.7   5.0 340.5 -99.0   1.0 -99.0  5708 12240  5708 12240 0.821 0.468   -99   -99   -99   -99   -99   -99   -99   -99   -99   -99
  15 UYMO1901CS     1  0 CS     8   -99    -99     87    -99    128    -99    -99    -99    -99    -99    -99    -99    -99    -99    -99    -99    -99    -99    -99    -99    -99    -99    -99    -99    -99    -99    -99    -99    -99    -99    -99    -99    -99   19617    7136   68752     -99   4.7   5.0 355.0 -99.0   1.0 -99.0  5808  7635  5808  7635 0.814 0.483   -99   -99   -99   -99   -99   -99   -99   -99   -99   -99
  16 UYON1801CS     1  0 CS     8   -99    -99     87    -99    128    -99    -99    -99    -99    -99    -99    -99    -99    -99    -99    -99    -99    -99    -99    -99    -99    -99    -99    -99    -99    -99    -99    -99    -99    -99    -99    -99    -99   42090    8069  143096     -99   4.7   5.0 338.1 -99.0   1.0 -99.0  8407  4306  8407  4306 0.890 0.652   -99   -99   -99   -99   -99   -99   -99   -99   -99   -99
  17 UYOT1801CS     1  0 CS     8   -99    -99     87    -99    128    -99    -99    -99    -99    -99    -99    -99    -99    -99    -99    -99    -99    -99    -99    -99    -99    -99    -99    -99    -99    -99    -99    -99    -99    -99    -99    -99    -99   28857   19153   99149     -99   4.7   5.0 362.1 -99.0   1.0 -99.0  7091  6821  7091  6821 0.847 0.737   -99   -99   -99   -99   -99   -99   -99   -99   -99   -99
  18 UYUB1901CS     1  0 CS     8   -99    -99     86    -99    127    -99    -99    -99    -99    -99    -99    -99    -99    -99    -99    -99    -99    -99    -99    -99    -99    -99    -99    -99    -99    -99    -99    -99    -99    -99    -99    -99    -99   34137    5890  118043     -99   4.7   5.0 347.4 -99.0   1.0 -99.0  7403  2911  7403  2911 0.873 0.669   -99   -99   -99   -99   -99   -99   -99   -99   -99   -99
  19 UYUM1801CS     1  0 CS     9   -99    -99     87    -99    128    -99    -99    -99    -99    -99    -99    -99    -99    -99    -99    -99    -99    -99    -99    -99    -99    -99    -99    -99    -99    -99    -99    -99    -99    -99    -99    -99    -99   36648   12787  125141     -99   4.7   5.0 371.7 -99.0   1.0 -99.0  7952  5867  7952  5867 0.874 0.685   -99   -99   -99   -99   -99   -99   -99   -99   -99   -99
  20 UYZA1901CS     1  0 CS     8   -99    -99     87    -99    128    -99    -99    -99    -99    -99    -99    -99    -99    -99    -99    -99    -99    -99    -99    -99    -99    -99    -99    -99    -99    -99    -99    -99    -99    -99    -99    -99    -99   21858    7766   74750     -99   4.7   5.0 345.5 -99.0   1.0 -99.0  6230  4823  6230  4823 0.823 0.617   -99   -99   -99   -99   -99   -99   -99   -99   -99   -99
   1 UYAB1901CS     1  0 CS     8   -99    -99     87    -99    128    -99    -99    -99    -99    -99    -99    -99    -99    -99    -99    -99    -99    -99    -99    -99    -99    -99    -99    -99    -99    -99    -99    -99    -99    -99    -99    -99    -99   17884   12507   62316     -99   4.7   5.0 362.0 -99.0   1.0 -99.0 14367  4729 14367  4729 0.572 0.726   -99   -99   -99   -99   -99   -99   -99   -99   -99   -99
   2 UYAG1701CS     1  0 CS     8   -99    -99     87    -99    128    -99    -99    -99    -99    -99    -99    -99    -99    -99    -99    -99    -99    -99    -99    -99    -99    -99    -99    -99    -99    -99    -99    -99    -99    -99    -99    -99    -99   17654   12289   60522     -99   3.9   5.0 286.8 -99.0   1.0 -99.0 13159 10122 13159 10122 0.590 0.548   -99   -99   -99   -99   -99   -99   -99   -99   -99   -99
   3 UYAG1801CS     1  0 CS     8   -99    -99     87    -99    128    -99    -99    -99    -99    -99    -99    -99    -99    -99    -99    -99    -99    -99    -99    -99    -99    -99    -99    -99    -99    -99    -99    -99    -99    -99    -99    -99    -99   25727   10693   88437     -99   4.7   5.0 344.7 -99.0   1.0 -99.0 14673 11823 14673 11823 0.665 0.475   -99   -99   -99   -99   -99   -99   -99   -99   -99   -99
   4 UYAG1901CS     1  0 CS     8   -99    -99     87    -99    128    -99    -99    -99    -99    -99    -99    -99    -99    -99    -99    -99    -99    -99    -99    -99    -99    -99    -99    -99    -99    -99    -99    -99    -99    -99    -99    -99    -99   25707   18991   89096     -99   4.7   5.0 347.6 -99.0   1.0 -99.0 14586  9734 14586  9734 0.667 0.661   -99   -99   -99   -99   -99   -99   -99   -99   -99   -99
   5 UYIB1701CS     1  0 CS     8   -99    -99     86    -99    127    -99    -99    -99    -99    -99    -99    -99    -99    -99    -99    -99    -99    -99    -99    -99    -99    -99    -99    -99    -99    -99    -99    -99    -99    -99    -99    -99    -99   22671   15661   76762     -99   3.5   5.0 328.5 -99.0   1.0 -99.0 14442  6194 14442  6194 0.635 0.717   -99   -99   -99   -99   -99   -99   -99   -99   -99   -99
   6 UYIB1801CS     1  0 CS     8   -99    -99     35    -99     76    -99    -99    -99    -99    -99    -99    -99    -99    -99    -99    -99    -99    -99    -99    -99    -99    -99    -99    -99    -99    -99    -99    -99    -99    -99    -99    -99    -99   24157   19598   82538     -99   4.1   5.0 336.2 -99.0   1.0 -99.0 14960  6726 14960  6726 0.643 0.744   -99   -99   -99   -99   -99   -99   -99   -99   -99   -99
   7 UYIB1901CS     1  0 CS     8   -99    -99     86    -99    127    -99    -99    -99    -99    -99    -99    -99    -99    -99    -99    -99    -99    -99    -99    -99    -99    -99    -99    -99    -99    -99    -99    -99    -99    -99    -99    -99    -99   23737   10594   82585     -99   4.7   5.0 313.0 -99.0   1.0 -99.0 13728  6203 13728  6203 0.661 0.631   -99   -99   -99   -99   -99   -99   -99   -99   -99   -99
   8 UYIB2001CS     1  0 CS     8   -99    -99    418    -99    459    -99    -99    -99    -99    -99    -99    -99    -99    -99    -99    -99    -99    -99    -99    -99    -99    -99    -99    -99    -99    -99    -99    -99    -99    -99    -99    -99    -99   17884   14954   62316     -99   4.7   5.0 362.0 -99.0   1.0 -99.0 14367 14146 14367 14146 0.572 0.514   -99   -99   -99   -99   -99   -99   -99   -99   -99   -99
   9 UYIK1701CS     1  0 CS     9   -99    -99     87    -99    128    -99    -99    -99    -99    -99    -99    -99    -99    -99    -99    -99    -99    -99    -99    -99    -99    -99    -99    -99    -99    -99    -99    -99    -99    -99    -99    -99    -99   26337   13302   89367     -99   4.1   5.0 345.0 -99.0   1.0 -99.0 15165  7812 15165  7812 0.663 0.630   -99   -99   -99   -99   -99   -99   -99   -99   -99   -99
  10 UYIK1801CS     1  0 CS     8   -99    -99     87    -99    128    -99    -99    -99    -99    -99    -99    -99    -99    -99    -99    -99    -99    -99    -99    -99    -99    -99    -99    -99    -99    -99    -99    -99    -99    -99    -99    -99    -99   27157    8592   93264     -99   4.7   5.0 354.7 -99.0   1.0 -99.0 14805  7049 14805  7049 0.678 0.549   -99   -99   -99   -99   -99   -99   -99   -99   -99   -99
  11 UYIK1901CS     1  0 CS     8   -99    -99     87    -99    128    -99    -99    -99    -99    -99    -99    -99    -99    -99    -99    -99    -99    -99    -99    -99    -99    -99    -99    -99    -99    -99    -99    -99    -99    -99    -99    -99    -99   27594   17732   95242     -99   4.7   5.0 369.3 -99.0   1.0 -99.0 15011 14635 15011 14635 0.679 0.548   -99   -99   -99   -99   -99   -99   -99   -99   -99   -99
  12 UYKA1801CS     1  0 CS     8   -99    -99     87    -99    128    -99    -99    -99    -99    -99    -99    -99    -99    -99    -99    -99    -99    -99    -99    -99    -99    -99    -99    -99    -99    -99    -99    -99    -99    -99    -99    -99    -99    4164    4143   23789     -99   3.9   5.0 280.6 -99.0   1.0 -99.0 11213  5955 11213  5955 0.264 0.410   -99   -99   -99   -99   -99   -99   -99   -99   -99   -99
  13 UYMO1701CS     1  0 CS     8   -99    -99     87    -99    128    -99    -99    -99    -99    -99    -99    -99    -99    -99    -99    -99    -99    -99    -99    -99    -99    -99    -99    -99    -99    -99    -99    -99    -99    -99    -99    -99    -99   11057   16797   39502     -99   2.4   5.0 344.8 -99.0   1.0 -99.0 11582  9049 11582  9049 0.495 0.650   -99   -99   -99   -99   -99   -99   -99   -99   -99   -99
  14 UYMO1801CS     1  0 CS     8   -99    -99     87    -99    128    -99    -99    -99    -99    -99    -99    -99    -99    -99    -99    -99    -99    -99    -99    -99    -99    -99    -99    -99    -99    -99    -99    -99    -99    -99    -99    -99    -99    9902   10789   38797     -99   4.7   5.0 316.8 -99.0   1.0 -99.0 12676 12240 12676 12240 0.442 0.468   -99   -99   -99   -99   -99   -99   -99   -99   -99   -99
  15 UYMO1901CS     1  0 CS     8   -99    -99     87    -99    128    -99    -99    -99    -99    -99    -99    -99    -99    -99    -99    -99    -99    -99    -99    -99    -99    -99    -99    -99    -99    -99    -99    -99    -99    -99    -99    -99    -99    9300    7136   37008     -99   4.7   5.0 318.4 -99.0   1.0 -99.0 12624  7635 12624  7635 0.427 0.483   -99   -99   -99   -99   -99   -99   -99   -99   -99   -99
  16 UYON1801CS     1  0 CS     8   -99    -99     87    -99    128    -99    -99    -99    -99    -99    -99    -99    -99    -99    -99    -99    -99    -99    -99    -99    -99    -99    -99    -99    -99    -99    -99    -99    -99    -99    -99    -99    -99   31985    8069  108292     -99   4.7   5.0 317.7 -99.0   1.0 -99.0 15378  4306 15378  4306 0.710 0.652   -99   -99   -99   -99   -99   -99   -99   -99   -99   -99
  17 UYOT1801CS     1  0 CS     8   -99    -99     87    -99    128    -99    -99    -99    -99    -99    -99    -99    -99    -99    -99    -99    -99    -99    -99    -99    -99    -99    -99    -99    -99    -99    -99    -99    -99    -99    -99    -99    -99   18462   19153   62942     -99   4.7   5.0 337.3 -99.0   1.0 -99.0 14088  6821 14088  6821 0.585 0.737   -99   -99   -99   -99   -99   -99   -99   -99   -99   -99
  18 UYUB1901CS     1  0 CS     8   -99    -99     86    -99    127    -99    -99    -99    -99    -99    -99    -99    -99    -99    -99    -99    -99    -99    -99    -99    -99    -99    -99    -99    -99    -99    -99    -99    -99    -99    -99    -99    -99   23782    5890   82043     -99   4.7   5.0 323.7 -99.0   1.0 -99.0 14380  2911 14380  2911 0.649 0.669   -99   -99   -99   -99   -99   -99   -99   -99   -99   -99
  19 UYUM1801CS     1  0 CS     9   -99    -99     87    -99    128    -99    -99    -99    -99    -99    -99    -99    -99    -99    -99    -99    -99    -99    -99    -99    -99    -99    -99    -99    -99    -99    -99    -99    -99    -99    -99    -99    -99   26029   12787   88208     -99   4.7   5.0 347.4 -99.0   1.0 -99.0 14958  5867 14958  5867 0.663 0.685   -99   -99   -99   -99   -99   -99   -99   -99   -99   -99
  20 UYZA1901CS     1  0 CS     8   -99    -99     87    -99    128    -99    -99    -99    -99    -99    -99    -99    -99    -99    -99    -99    -99    -99    -99    -99    -99    -99    -99    -99    -99    -99    -99    -99    -99    -99    -99    -99    -99   11067    7766   41877     -99   4.7   5.0 315.4 -99.0   1.0 -99.0 13304  4823 13304  4823 0.460 0.617   -99   -99   -99   -99   -99   -99   -99   -99   -99   -99
   1 UYAB1901CS     1  0 CS     8   -99    -99     87    -99    128    -99    -99    -99    -99    -99    -99    -99    -99    -99    -99    -99    -99    -99    -99    -99    -99    -99    -99    -99    -99    -99    -99    -99    -99    -99    -99    -99    -99   18556   12507   65248     -99   3.3   5.0 255.2 -99.0   1.0 -99.0  8890  4729  8890  4729 0.708 0.726   -99   -99   -99   -99   -99   -99   -99   -99   -99   -99
   2 UYAG1701CS     1  0 CS     8   -99    -99     87    -99    128    -99    -99    -99    -99    -99    -99    -99    -99    -99    -99    -99    -99    -99    -99    -99    -99    -99    -99    -99    -99    -99    -99    -99    -99    -99    -99    -99    -99   17172   12289   59149     -99   2.6   5.0 208.1 -99.0   1.0 -99.0  7959 10122  7959 10122 0.704 0.548   -99   -99   -99   -99   -99   -99   -99   -99   -99   -99
   3 UYAG1801CS     1  0 CS     8   -99    -99     87    -99    128    -99    -99    -99    -99    -99    -99    -99    -99    -99    -99    -99    -99    -99    -99    -99    -99    -99    -99    -99    -99    -99    -99    -99    -99    -99    -99    -99    -99   24696   10693   85853     -99   3.3   5.0 246.7 -99.0   1.0 -99.0  9128 11823  9128 11823 0.764 0.475   -99   -99   -99   -99   -99   -99   -99   -99   -99   -99
   4 UYAG1901CS     1  0 CS     8   -99    -99     87    -99    128    -99    -99    -99    -99    -99    -99    -99    -99    -99    -99    -99    -99    -99    -99    -99    -99    -99    -99    -99    -99    -99    -99    -99    -99    -99    -99    -99    -99   25827   18991   90166     -99   3.3   5.0 248.6 -99.0   1.0 -99.0  9207  9734  9207  9734 0.777 0.661   -99   -99   -99   -99   -99   -99   -99   -99   -99   -99
   5 UYIB1701CS     1  0 CS     8   -99    -99     86    -99    127    -99    -99    -99    -99    -99    -99    -99    -99    -99    -99    -99    -99    -99    -99    -99    -99    -99    -99    -99    -99    -99    -99    -99    -99    -99    -99    -99    -99   21488   15661   73160     -99   2.5   5.0 237.0 -99.0   1.0 -99.0  9005  6194  9005  6194 0.733 0.717   -99   -99   -99   -99   -99   -99   -99   -99   -99   -99
   6 UYIB1801CS     1  0 CS     8   -99    -99     35    -99     76    -99    -99    -99    -99    -99    -99    -99    -99    -99    -99    -99    -99    -99    -99    -99    -99    -99    -99    -99    -99    -99    -99    -99    -99    -99    -99    -99    -99   22169   19598   75557     -99   2.7   5.0 238.7 -99.0   1.0 -99.0  9034  6726  9034  6726 0.739 0.744   -99   -99   -99   -99   -99   -99   -99   -99   -99   -99
   7 UYIB1901CS     1  0 CS     8   -99    -99     86    -99    127    -99    -99    -99    -99    -99    -99    -99    -99    -99    -99    -99    -99    -99    -99    -99    -99    -99    -99    -99    -99    -99    -99    -99    -99    -99    -99    -99    -99   24085   10594   84356     -99   3.4   5.0 222.2 -99.0   1.0 -99.0  8644  6203  8644  6203 0.774 0.631   -99   -99   -99   -99   -99   -99   -99   -99   -99   -99
   8 UYIB2001CS     1  0 CS     8   -99    -99    418    -99    459    -99    -99    -99    -99    -99    -99    -99    -99    -99    -99    -99    -99    -99    -99    -99    -99    -99    -99    -99    -99    -99    -99    -99    -99    -99    -99    -99    -99   18556   14954   65248     -99   3.3   5.0 255.2 -99.0   1.0 -99.0  8890 14146  8890 14146 0.708 0.514   -99   -99   -99   -99   -99   -99   -99   -99   -99   -99
   9 UYIK1701CS     1  0 CS     9   -99    -99     87    -99    128    -99    -99    -99    -99    -99    -99    -99    -99    -99    -99    -99    -99    -99    -99    -99    -99    -99    -99    -99    -99    -99    -99    -99    -99    -99    -99    -99    -99   24617   13302   84221     -99   2.7   5.0 251.2 -99.0   1.0 -99.0  9304  7812  9304  7812 0.759 0.630   -99   -99   -99   -99   -99   -99   -99   -99   -99   -99
  10 UYIK1801CS     1  0 CS     8   -99    -99     87    -99    128    -99    -99    -99    -99    -99    -99    -99    -99    -99    -99    -99    -99    -99    -99    -99    -99    -99    -99    -99    -99    -99    -99    -99    -99    -99    -99    -99    -99   25756    8592   89430     -99   3.3   5.0 252.8 -99.0   1.0 -99.0  9248  7049  9248  7049 0.771 0.549   -99   -99   -99   -99   -99   -99   -99   -99   -99   -99
  11 UYIK1901CS     1  0 CS     8   -99    -99     87    -99    128    -99    -99    -99    -99    -99    -99    -99    -99    -99    -99    -99    -99    -99    -99    -99    -99    -99    -99    -99    -99    -99    -99    -99    -99    -99    -99    -99    -99   26660   17732   92815     -99   3.2   5.0 263.2 -99.0   1.0 -99.0  9441 14635  9441 14635 0.778 0.548   -99   -99   -99   -99   -99   -99   -99   -99   -99   -99
  12 UYKA1801CS     1  0 CS     8   -99    -99     87    -99    128    -99    -99    -99    -99    -99    -99    -99    -99    -99    -99    -99    -99    -99    -99    -99    -99    -99    -99    -99    -99    -99    -99    -99    -99    -99    -99    -99    -99    6241    4143   26794     -99   2.9   5.0 196.5 -99.0   1.0 -99.0  6888  5955  6888  5955 0.474 0.410   -99   -99   -99   -99   -99   -99   -99   -99   -99   -99
  13 UYMO1701CS     1  0 CS     8   -99    -99     87    -99    128    -99    -99    -99    -99    -99    -99    -99    -99    -99    -99    -99    -99    -99    -99    -99    -99    -99    -99    -99    -99    -99    -99    -99    -99    -99    -99    -99    -99   11042   16797   40541     -99   2.5   5.0 244.6 -99.0   1.0 -99.0  8080  9049  8080  9049 0.592 0.650   -99   -99   -99   -99   -99   -99   -99   -99   -99   -99
  14 UYMO1801CS     1  0 CS     8   -99    -99     87    -99    128    -99    -99    -99    -99    -99    -99    -99    -99    -99    -99    -99    -99    -99    -99    -99    -99    -99    -99    -99    -99    -99    -99    -99    -99    -99    -99    -99    -99   12346   10789   46734     -99   3.3   5.0 224.8 -99.0   1.0 -99.0  7762 12240  7762 12240 0.633 0.468   -99   -99   -99   -99   -99   -99   -99   -99   -99   -99
  15 UYMO1901CS     1  0 CS     8   -99    -99     87    -99    128    -99    -99    -99    -99    -99    -99    -99    -99    -99    -99    -99    -99    -99    -99    -99    -99    -99    -99    -99    -99    -99    -99    -99    -99    -99    -99    -99    -99   12336    7136   47081     -99   3.2   5.0 236.6 -99.0   1.0 -99.0  7840  7635  7840  7635 0.630 0.483   -99   -99   -99   -99   -99   -99   -99   -99   -99   -99
  16 UYON1801CS     1  0 CS     8   -99    -99     87    -99    128    -99    -99    -99    -99    -99    -99    -99    -99    -99    -99    -99    -99    -99    -99    -99    -99    -99    -99    -99    -99    -99    -99    -99    -99    -99    -99    -99    -99   30821    8069  105100     -99   3.6   5.0 225.6 -99.0   1.0 -99.0  9711  4306  9711  4306 0.801 0.652   -99   -99   -99   -99   -99   -99   -99   -99   -99   -99
  17 UYOT1801CS     1  0 CS     8   -99    -99     87    -99    128    -99    -99    -99    -99    -99    -99    -99    -99    -99    -99    -99    -99    -99    -99    -99    -99    -99    -99    -99    -99    -99    -99    -99    -99    -99    -99    -99    -99   18755   19153   64863     -99   3.3   5.0 242.8 -99.0   1.0 -99.0  8603  6821  8603  6821 0.710 0.737   -99   -99   -99   -99   -99   -99   -99   -99   -99   -99
  18 UYUB1901CS     1  0 CS     8   -99    -99     86    -99    127    -99    -99    -99    -99    -99    -99    -99    -99    -99    -99    -99    -99    -99    -99    -99    -99    -99    -99    -99    -99    -99    -99    -99    -99    -99    -99    -99    -99   23802    5890   82888     -99   3.5   5.0 228.9 -99.0   1.0 -99.0  8989  2911  8989  2911 0.759 0.669   -99   -99   -99   -99   -99   -99   -99   -99   -99   -99
  19 UYUM1801CS     1  0 CS     9   -99    -99     87    -99    128    -99    -99    -99    -99    -99    -99    -99    -99    -99    -99    -99    -99    -99    -99    -99    -99    -99    -99    -99    -99    -99    -99    -99    -99    -99    -99    -99    -99   24573   12787   84326     -99   3.3   5.0 246.6 -99.0   1.0 -99.0  9211  5867  9211  5867 0.760 0.685   -99   -99   -99   -99   -99   -99   -99   -99   -99   -99
  20 UYZA1901CS     1  0 CS     8   -99    -99     87    -99    128    -99    -99    -99    -99    -99    -99    -99    -99    -99    -99    -99    -99    -99    -99    -99    -99    -99    -99    -99    -99    -99    -99    -99    -99    -99    -99    -99    -99   13341    7766   48683     -99   3.4   5.0 226.1 -99.0   1.0 -99.0  8150  4823  8150  4823 0.642 0.617   -99   -99   -99   -99   -99   -99   -99   -99   -99   -99
   1 UYAB1901CS     1  0 CS     8   -99    -99     87    -99    128    -99    -99    -99    -99    -99    -99    -99    -99    -99    -99    -99    -99    -99    -99    -99    -99    -99    -99    -99    -99    -99    -99    -99    -99    -99    -99    -99    -99   20833   12507   72277     -99   4.8   5.0 440.3 -99.0   1.0 -99.0 14461  4729 14461  4729 0.613 0.726   -99   -99   -99   -99   -99   -99   -99   -99   -99   -99
   2 UYAG1701CS     1  0 CS     8   -99    -99     87    -99    128    -99    -99    -99    -99    -99    -99    -99    -99    -99    -99    -99    -99    -99    -99    -99    -99    -99    -99    -99    -99    -99    -99    -99    -99    -99    -99    -99    -99   20614   12289   70650     -99   4.7   5.0 350.9 -99.0   1.0 -99.0 13366 10122 13366 10122 0.628 0.548   -99   -99   -99   -99   -99   -99   -99   -99   -99   -99
   3 UYAG1801CS     1  0 CS     8   -99    -99     87    -99    128    -99    -99    -99    -99    -99    -99    -99    -99    -99    -99    -99    -99    -99    -99    -99    -99    -99    -99    -99    -99    -99    -99    -99    -99    -99    -99    -99    -99   29065   10693   99904     -99   4.8   5.0 419.7 -99.0   1.0 -99.0 14816 11823 14816 11823 0.695 0.475   -99   -99   -99   -99   -99   -99   -99   -99   -99   -99
   4 UYAG1901CS     1  0 CS     8   -99    -99     87    -99    128    -99    -99    -99    -99    -99    -99    -99    -99    -99    -99    -99    -99    -99    -99    -99    -99    -99    -99    -99    -99    -99    -99    -99    -99    -99    -99    -99    -99   28525   18991   98773     -99   4.8   5.0 419.5 -99.0   1.0 -99.0 14646  9734 14646  9734 0.693 0.661   -99   -99   -99   -99   -99   -99   -99   -99   -99   -99
   5 UYIB1701CS     1  0 CS     8   -99    -99     86    -99    127    -99    -99    -99    -99    -99    -99    -99    -99    -99    -99    -99    -99    -99    -99    -99    -99    -99    -99    -99    -99    -99    -99    -99    -99    -99    -99    -99    -99   26501   15661   89710     -99   4.6   5.0 399.9 -99.0   1.0 -99.0 14801  6194 14801  6194 0.671 0.717   -99   -99   -99   -99   -99   -99   -99   -99   -99   -99
   6 UYIB1801CS     1  0 CS     8   -99    -99     35    -99     76    -99    -99    -99    -99    -99    -99    -99    -99    -99    -99    -99    -99    -99    -99    -99    -99    -99    -99    -99    -99    -99    -99    -99    -99    -99    -99    -99    -99   28088   19598   95386     -99   4.7   5.0 410.0 -99.0   1.0 -99.0 15204  6726 15204  6726 0.679 0.744   -99   -99   -99   -99   -99   -99   -99   -99   -99   -99
   7 UYIB1901CS     1  0 CS     8   -99    -99     86    -99    127    -99    -99    -99    -99    -99    -99    -99    -99    -99    -99    -99    -99    -99    -99    -99    -99    -99    -99    -99    -99    -99    -99    -99    -99    -99    -99    -99    -99   25868   10594   89992     -99   4.8   5.0 376.9 -99.0   1.0 -99.0 13728  6203 13728  6203 0.683 0.631   -99   -99   -99   -99   -99   -99   -99   -99   -99   -99
   8 UYIB2001CS     1  0 CS     8   -99    -99    418    -99    459    -99    -99    -99    -99    -99    -99    -99    -99    -99    -99    -99    -99    -99    -99    -99    -99    -99    -99    -99    -99    -99    -99    -99    -99    -99    -99    -99    -99   20833   14954   72277     -99   4.8   5.0 440.3 -99.0   1.0 -99.0 14461 14146 14461 14146 0.613 0.514   -99   -99   -99   -99   -99   -99   -99   -99   -99   -99
   9 UYIK1701CS     1  0 CS     9   -99    -99     87    -99    128    -99    -99    -99    -99    -99    -99    -99    -99    -99    -99    -99    -99    -99    -99    -99    -99    -99    -99    -99    -99    -99    -99    -99    -99    -99    -99    -99    -99   31372   13302  106384     -99   4.7   5.0 431.2 -99.0   1.0 -99.0 15450  7812 15450  7812 0.704 0.630   -99   -99   -99   -99   -99   -99   -99   -99   -99   -99
  10 UYIK1801CS     1  0 CS     8   -99    -99     87    -99    128    -99    -99    -99    -99    -99    -99    -99    -99    -99    -99    -99    -99    -99    -99    -99    -99    -99    -99    -99    -99    -99    -99    -99    -99    -99    -99    -99    -99   30583    8592  105040     -99   4.8   5.0 428.7 -99.0   1.0 -99.0 14919  7049 14919  7049 0.707 0.549   -99   -99   -99   -99   -99   -99   -99   -99   -99   -99
  11 UYIK1901CS     1  0 CS     8   -99    -99     87    -99    128    -99    -99    -99    -99    -99    -99    -99    -99    -99    -99    -99    -99    -99    -99    -99    -99    -99    -99    -99    -99    -99    -99    -99    -99    -99    -99    -99    -99   30878   17732  106533     -99   4.8   5.0 449.2 -99.0   1.0 -99.0 15143 14635 15143 14635 0.706 0.548   -99   -99   -99   -99   -99   -99   -99   -99   -99   -99
  12 UYKA1801CS     1  0 CS     8   -99    -99     87    -99    128    -99    -99    -99    -99    -99    -99    -99    -99    -99    -99    -99    -99    -99    -99    -99    -99    -99    -99    -99    -99    -99    -99    -99    -99    -99    -99    -99    -99    5564    4143   28399     -99   4.7   5.0 340.9 -99.0   1.0 -99.0 11629  5955 11629  5955 0.318 0.410   -99   -99   -99   -99   -99   -99   -99   -99   -99   -99
  13 UYMO1701CS     1  0 CS     8   -99    -99     87    -99    128    -99    -99    -99    -99    -99    -99    -99    -99    -99    -99    -99    -99    -99    -99    -99    -99    -99    -99    -99    -99    -99    -99    -99    -99    -99    -99    -99    -99   13921   16797   50785     -99   3.2   5.0 417.6 -99.0   1.0 -99.0 12353  9049 12353  9049 0.542 0.650   -99   -99   -99   -99   -99   -99   -99   -99   -99   -99
  14 UYMO1801CS     1  0 CS     8   -99    -99     87    -99    128    -99    -99    -99    -99    -99    -99    -99    -99    -99    -99    -99    -99    -99    -99    -99    -99    -99    -99    -99    -99    -99    -99    -99    -99    -99    -99    -99    -99   11931   10789   45488     -99   4.8   5.0 383.4 -99.0   1.0 -99.0 12628 12240 12628 12240 0.494 0.468   -99   -99   -99   -99   -99   -99   -99   -99   -99   -99
  15 UYMO1901CS     1  0 CS     8   -99    -99     87    -99    128    -99    -99    -99    -99    -99    -99    -99    -99    -99    -99    -99    -99    -99    -99    -99    -99    -99    -99    -99    -99    -99    -99    -99    -99    -99    -99    -99    -99   11841    7136   45272     -99   4.8   5.0 398.0 -99.0   1.0 -99.0 12788  7635 12788  7635 0.488 0.483   -99   -99   -99   -99   -99   -99   -99   -99   -99   -99
  16 UYON1801CS     1  0 CS     8   -99    -99     87    -99    128    -99    -99    -99    -99    -99    -99    -99    -99    -99    -99    -99    -99    -99    -99    -99    -99    -99    -99    -99    -99    -99    -99    -99    -99    -99    -99    -99    -99   34561    8069  117078     -99   4.8   5.0 384.6 -99.0   1.0 -99.0 15460  4306 15460  4306 0.728 0.652   -99   -99   -99   -99   -99   -99   -99   -99   -99   -99
  17 UYOT1801CS     1  0 CS     8   -99    -99     87    -99    128    -99    -99    -99    -99    -99    -99    -99    -99    -99    -99    -99    -99    -99    -99    -99    -99    -99    -99    -99    -99    -99    -99    -99    -99    -99    -99    -99    -99   21362   19153   72927     -99   4.8   5.0 409.9 -99.0   1.0 -99.0 14227  6821 14227  6821 0.623 0.737   -99   -99   -99   -99   -99   -99   -99   -99   -99   -99
  18 UYUB1901CS     1  0 CS     8   -99    -99     86    -99    127    -99    -99    -99    -99    -99    -99    -99    -99    -99    -99    -99    -99    -99    -99    -99    -99    -99    -99    -99    -99    -99    -99    -99    -99    -99    -99    -99    -99   26350    5890   90905     -99   4.8   5.0 387.9 -99.0   1.0 -99.0 14394  2911 14394  2911 0.677 0.669   -99   -99   -99   -99   -99   -99   -99   -99   -99   -99
  19 UYUM1801CS     1  0 CS     9   -99    -99     87    -99    128    -99    -99    -99    -99    -99    -99    -99    -99    -99    -99    -99    -99    -99    -99    -99    -99    -99    -99    -99    -99    -99    -99    -99    -99    -99    -99    -99    -99   28990   12787   98302     -99   4.8   5.0 420.5 -99.0   1.0 -99.0 15079  5867 15079  5867 0.689 0.685   -99   -99   -99   -99   -99   -99   -99   -99   -99   -99
  20 UYZA1901CS     1  0 CS     8   -99    -99     87    -99    128    -99    -99    -99    -99    -99    -99    -99    -99    -99    -99    -99    -99    -99    -99    -99    -99    -99    -99    -99    -99    -99    -99    -99    -99    -99    -99    -99    -99   13569    7766   49790     -99   4.8   5.0 385.2 -99.0   1.0 -99.0 13362  4823 13362  4823 0.515 0.617   -99   -99   -99   -99   -99   -99   -99   -99   -99   -99
   1 UYAB1901CS     1  0 CS     8   -99    -99     87    -99    128    -99    -99    -99    -99    -99    -99    -99    -99    -99    -99    -99    -99    -99    -99    -99    -99    -99    -99    -99    -99    -99    -99    -99    -99    -99    -99    -99    -99    6165   12507   25476     -99   1.7   5.0 254.3 -99.0   1.0 -99.0 11279  4729 11279  4729 0.352 0.726   -99   -99   -99   -99   -99   -99   -99   -99   -99   -99
   2 UYAG1701CS     1  0 CS     8   -99    -99     87    -99    128    -99    -99    -99    -99    -99    -99    -99    -99    -99    -99    -99    -99    -99    -99    -99    -99    -99    -99    -99    -99    -99    -99    -99    -99    -99    -99    -99    -99    6246   12289   21524     -99   1.2   5.0 210.8 -99.0   1.0 -99.0  9819 10122  9819 10122 0.386 0.548   -99   -99   -99   -99   -99   -99   -99   -99   -99   -99
   3 UYAG1801CS     1  0 CS     8   -99    -99     87    -99    128    -99    -99    -99    -99    -99    -99    -99    -99    -99    -99    -99    -99    -99    -99    -99    -99    -99    -99    -99    -99    -99    -99    -99    -99    -99    -99    -99    -99   10804   10693   37754     -99   1.7   5.0 242.1 -99.0   1.0 -99.0 11177 11823 11177 11823 0.500 0.475   -99   -99   -99   -99   -99   -99   -99   -99   -99   -99
   4 UYAG1901CS     1  0 CS     8   -99    -99     87    -99    128    -99    -99    -99    -99    -99    -99    -99    -99    -99    -99    -99    -99    -99    -99    -99    -99    -99    -99    -99    -99    -99    -99    -99    -99    -99    -99    -99    -99   11867   18991   42860     -99   1.7   5.0 245.3 -99.0   1.0 -99.0 11284  9734 11284  9734 0.524 0.661   -99   -99   -99   -99   -99   -99   -99   -99   -99   -99
   5 UYIB1701CS     1  0 CS     8   -99    -99     86    -99    127    -99    -99    -99    -99    -99    -99    -99    -99    -99    -99    -99    -99    -99    -99    -99    -99    -99    -99    -99    -99    -99    -99    -99    -99    -99    -99    -99    -99    7420   15661   25404     -99   1.1   5.0 231.5 -99.0   1.0 -99.0 10571  6194 10571  6194 0.413 0.717   -99   -99   -99   -99   -99   -99   -99   -99   -99   -99
   6 UYIB1801CS     1  0 CS     8   -99    -99     35    -99     76    -99    -99    -99    -99    -99    -99    -99    -99    -99    -99    -99    -99    -99    -99    -99    -99    -99    -99    -99    -99    -99    -99    -99    -99    -99    -99    -99    -99    8343   19598   28833     -99   1.4   5.0 235.7 -99.0   1.0 -99.0 11016  6726 11016  6726 0.434 0.744   -99   -99   -99   -99   -99   -99   -99   -99   -99   -99
   7 UYIB1901CS     1  0 CS     8   -99    -99     86    -99    127    -99    -99    -99    -99    -99    -99    -99    -99    -99    -99    -99    -99    -99    -99    -99    -99    -99    -99    -99    -99    -99    -99    -99    -99    -99    -99    -99    -99   11500   10594   41765     -99   1.7   5.0 218.6 -99.0   1.0 -99.0 10701  6203 10701  6203 0.528 0.631   -99   -99   -99   -99   -99   -99   -99   -99   -99   -99
   8 UYIB2001CS     1  0 CS     8   -99    -99    418    -99    459    -99    -99    -99    -99    -99    -99    -99    -99    -99    -99    -99    -99    -99    -99    -99    -99    -99    -99    -99    -99    -99    -99    -99    -99    -99    -99    -99    -99    6165   14954   25476     -99   1.7   5.0 254.3 -99.0   1.0 -99.0 11279 14146 11279 14146 0.352 0.514   -99   -99   -99   -99   -99   -99   -99   -99   -99   -99
   9 UYIK1701CS     1  0 CS     9   -99    -99     87    -99    128    -99    -99    -99    -99    -99    -99    -99    -99    -99    -99    -99    -99    -99    -99    -99    -99    -99    -99    -99    -99    -99    -99    -99    -99    -99    -99    -99    -99    9857   13302   33574     -99   1.4   5.0 245.6 -99.0   1.0 -99.0 11280  7812 11280  7812 0.473 0.630   -99   -99   -99   -99   -99   -99   -99   -99   -99   -99
  10 UYIK1801CS     1  0 CS     8   -99    -99     87    -99    128    -99    -99    -99    -99    -99    -99    -99    -99    -99    -99    -99    -99    -99    -99    -99    -99    -99    -99    -99    -99    -99    -99    -99    -99    -99    -99    -99    -99   11625    8592   40396     -99   1.7   5.0 249.6 -99.0   1.0 -99.0 11276  7049 11276  7049 0.518 0.549   -99   -99   -99   -99   -99   -99   -99   -99   -99   -99
  11 UYIK1901CS     1  0 CS     8   -99    -99     87    -99    128    -99    -99    -99    -99    -99    -99    -99    -99    -99    -99    -99    -99    -99    -99    -99    -99    -99    -99    -99    -99    -99    -99    -99    -99    -99    -99    -99    -99   12120   17732   43139     -99   1.6   5.0 258.8 -99.0   1.0 -99.0 11542 14635 11542 14635 0.524 0.548   -99   -99   -99   -99   -99   -99   -99   -99   -99   -99
  12 UYKA1801CS     1  0 CS     8   -99    -99     87    -99    128    -99    -99    -99    -99    -99    -99    -99    -99    -99    -99    -99    -99    -99    -99    -99    -99    -99    -99    -99    -99    -99    -99    -99    -99    -99    -99    -99    -99      12    4143    4132     -99   1.4   5.0 198.2 -99.0   1.0 -99.0  6303  5955  6303  5955 .0018 0.410   -99   -99   -99   -99   -99   -99   -99   -99   -99   -99
  13 UYMO1701CS     1  0 CS     8   -99    -99     87    -99    128    -99    -99    -99    -99    -99    -99    -99    -99    -99    -99    -99    -99    -99    -99    -99    -99    -99    -99    -99    -99    -99    -99    -99    -99    -99    -99    -99    -99    1470   16797    5142     -99   0.6   5.0 248.4 -99.0   1.0 -99.0  5216  9049  5216  9049 0.207 0.650   -99   -99   -99   -99   -99   -99   -99   -99   -99   -99
  14 UYMO1801CS     1  0 CS     8   -99    -99     87    -99    128    -99    -99    -99    -99    -99    -99    -99    -99    -99    -99    -99    -99    -99    -99    -99    -99    -99    -99    -99    -99    -99    -99    -99    -99    -99    -99    -99    -99    2356   10789   17530     -99   1.6   5.0 226.6 -99.0   1.0 -99.0 10265 12240 10265 12240 0.180 0.468   -99   -99   -99   -99   -99   -99   -99   -99   -99   -99
  15 UYMO1901CS     1  0 CS     8   -99    -99     87    -99    128    -99    -99    -99    -99    -99    -99    -99    -99    -99    -99    -99    -99    -99    -99    -99    -99    -99    -99    -99    -99    -99    -99    -99    -99    -99    -99    -99    -99    2186    7136   17223     -99   1.6   5.0 231.8 -99.0   1.0 -99.0 10292  7635 10292  7635 0.169 0.483   -99   -99   -99   -99   -99   -99   -99   -99   -99   -99
  16 UYON1801CS     1  0 CS     8   -99    -99     87    -99    128    -99    -99    -99    -99    -99    -99    -99    -99    -99    -99    -99    -99    -99    -99    -99    -99    -99    -99    -99    -99    -99    -99    -99    -99    -99    -99    -99    -99   16003    8069   54419     -99   1.8   5.0 221.4 -99.0   1.0 -99.0 11560  4306 11560  4306 0.600 0.652   -99   -99   -99   -99   -99   -99   -99   -99   -99   -99
  17 UYOT1801CS     1  0 CS     8   -99    -99     87    -99    128    -99    -99    -99    -99    -99    -99    -99    -99    -99    -99    -99    -99    -99    -99    -99    -99    -99    -99    -99    -99    -99    -99    -99    -99    -99    -99    -99    -99    6459   19153   23528     -99   1.6   5.0 239.7 -99.0   1.0 -99.0 10770  6821 10770  6821 0.374 0.737   -99   -99   -99   -99   -99   -99   -99   -99   -99   -99
  18 UYUB1901CS     1  0 CS     8   -99    -99     86    -99    127    -99    -99    -99    -99    -99    -99    -99    -99    -99    -99    -99    -99    -99    -99    -99    -99    -99    -99    -99    -99    -99    -99    -99    -99    -99    -99    -99    -99   10843    5890   38770     -99   1.8   5.0 226.5 -99.0   1.0 -99.0 11099  2911 11099  2911 0.503 0.669   -99   -99   -99   -99   -99   -99   -99   -99   -99   -99
  19 UYUM1801CS     1  0 CS     9   -99    -99     87    -99    128    -99    -99    -99    -99    -99    -99    -99    -99    -99    -99    -99    -99    -99    -99    -99    -99    -99    -99    -99    -99    -99    -99    -99    -99    -99    -99    -99    -99   10641   12787   36315     -99   1.6   5.0 241.7 -99.0   1.0 -99.0 11118  5867 11118  5867 0.497 0.685   -99   -99   -99   -99   -99   -99   -99   -99   -99   -99
  20 UYZA1901CS     1  0 CS     8   -99    -99     87    -99    128    -99    -99    -99    -99    -99    -99    -99    -99    -99    -99    -99    -99    -99    -99    -99    -99    -99    -99    -99    -99    -99    -99    -99    -99    -99    -99    -99    -99    2494    7766   16485     -99   1.7   5.0 220.6 -99.0   1.0 -99.0 10526  4823 10526  4823 0.186 0.617   -99   -99   -99   -99   -99   -99   -99   -99   -99   -99
   1 UYAB1901CS     1  0 CS     8   -99    -99     87    -99    128    -99    -99    -99    -99    -99    -99    -99    -99    -99    -99    -99    -99    -99    -99    -99    -99    -99    -99    -99    -99    -99    -99    -99    -99    -99    -99    -99    -99   16641   12507   57726     -99   2.5   5.0 270.1 -99.0   1.0 -99.0  6322  4729  6322  4729 0.755 0.726   -99   -99   -99   -99   -99   -99   -99   -99   -99   -99
   2 UYAG1701CS     1  0 CS     8   -99    -99     87    -99    128    -99    -99    -99    -99    -99    -99    -99    -99    -99    -99    -99    -99    -99    -99    -99    -99    -99    -99    -99    -99    -99    -99    -99    -99    -99    -99    -99    -99   15541   12289   53347     -99   1.9   5.0 213.6 -99.0   1.0 -99.0  5846 10122  5846 10122 0.750 0.548   -99   -99   -99   -99   -99   -99   -99   -99   -99   -99
   3 UYAG1801CS     1  0 CS     8   -99    -99     87    -99    128    -99    -99    -99    -99    -99    -99    -99    -99    -99    -99    -99    -99    -99    -99    -99    -99    -99    -99    -99    -99    -99    -99    -99    -99    -99    -99    -99    -99   21961   10693   75871     -99   2.4   5.0 257.7 -99.0   1.0 -99.0  6672 11823  6672 11823 0.804 0.475   -99   -99   -99   -99   -99   -99   -99   -99   -99   -99
   4 UYAG1901CS     1  0 CS     8   -99    -99     87    -99    128    -99    -99    -99    -99    -99    -99    -99    -99    -99    -99    -99    -99    -99    -99    -99    -99    -99    -99    -99    -99    -99    -99    -99    -99    -99    -99    -99    -99   22971   18991   79736     -99   2.5   5.0 260.4 -99.0   1.0 -99.0  6726  9734  6726  9734 0.813 0.661   -99   -99   -99   -99   -99   -99   -99   -99   -99   -99
   5 UYIB1701CS     1  0 CS     8   -99    -99     86    -99    127    -99    -99    -99    -99    -99    -99    -99    -99    -99    -99    -99    -99    -99    -99    -99    -99    -99    -99    -99    -99    -99    -99    -99    -99    -99    -99    -99    -99   18826   15661   63993     -99   1.9   5.0 242.3 -99.0   1.0 -99.0  6558  6194  6558  6194 0.774 0.717   -99   -99   -99   -99   -99   -99   -99   -99   -99   -99
   6 UYIB1801CS     1  0 CS     8   -99    -99     35    -99     76    -99    -99    -99    -99    -99    -99    -99    -99    -99    -99    -99    -99    -99    -99    -99    -99    -99    -99    -99    -99    -99    -99    -99    -99    -99    -99    -99    -99   20035   19598   68043     -99   2.0   5.0 251.7 -99.0   1.0 -99.0  6701  6726  6701  6726 0.782 0.744   -99   -99   -99   -99   -99   -99   -99   -99   -99   -99
   7 UYIB1901CS     1  0 CS     8   -99    -99     86    -99    127    -99    -99    -99    -99    -99    -99    -99    -99    -99    -99    -99    -99    -99    -99    -99    -99    -99    -99    -99    -99    -99    -99    -99    -99    -99    -99    -99    -99   21912   10594   76212     -99   2.5   5.0 232.7 -99.0   1.0 -99.0  6326  6203  6326  6203 0.815 0.631   -99   -99   -99   -99   -99   -99   -99   -99   -99   -99
   8 UYIB2001CS     1  0 CS     8   -99    -99    418    -99    459    -99    -99    -99    -99    -99    -99    -99    -99    -99    -99    -99    -99    -99    -99    -99    -99    -99    -99    -99    -99    -99    -99    -99    -99    -99    -99    -99    -99   16641   14954   57726     -99   2.5   5.0 270.1 -99.0   1.0 -99.0  6322 14146  6322 14146 0.755 0.514   -99   -99   -99   -99   -99   -99   -99   -99   -99   -99
   9 UYIK1701CS     1  0 CS     9   -99    -99     87    -99    128    -99    -99    -99    -99    -99    -99    -99    -99    -99    -99    -99    -99    -99    -99    -99    -99    -99    -99    -99    -99    -99    -99    -99    -99    -99    -99    -99    -99   22546   13302   76816     -99   2.0   5.0 266.3 -99.0   1.0 -99.0  6933  7812  6933  7812 0.802 0.630   -99   -99   -99   -99   -99   -99   -99   -99   -99   -99
  10 UYIK1801CS     1  0 CS     8   -99    -99     87    -99    128    -99    -99    -99    -99    -99    -99    -99    -99    -99    -99    -99    -99    -99    -99    -99    -99    -99    -99    -99    -99    -99    -99    -99    -99    -99    -99    -99    -99   23116    8592   79782     -99   2.4   5.0 262.0 -99.0   1.0 -99.0  6742  7049  6742  7049 0.814 0.549   -99   -99   -99   -99   -99   -99   -99   -99   -99   -99
  11 UYIK1901CS     1  0 CS     8   -99    -99     87    -99    128    -99    -99    -99    -99    -99    -99    -99    -99    -99    -99    -99    -99    -99    -99    -99    -99    -99    -99    -99    -99    -99    -99    -99    -99    -99    -99    -99    -99   23873   17732   82634     -99   2.4   5.0 274.6 -99.0   1.0 -99.0  6896 14635  6896 14635 0.818 0.548   -99   -99   -99   -99   -99   -99   -99   -99   -99   -99
  12 UYKA1801CS     1  0 CS     8   -99    -99     87    -99    128    -99    -99    -99    -99    -99    -99    -99    -99    -99    -99    -99    -99    -99    -99    -99    -99    -99    -99    -99    -99    -99    -99    -99    -99    -99    -99    -99    -99    6095    4143   23470     -99   2.1   5.0 207.2 -99.0   1.0 -99.0  4752  5955  4752  5955 0.564 0.410   -99   -99   -99   -99   -99   -99   -99   -99   -99   -99
  13 UYMO1701CS     1  0 CS     8   -99    -99     87    -99    128    -99    -99    -99    -99    -99    -99    -99    -99    -99    -99    -99    -99    -99    -99    -99    -99    -99    -99    -99    -99    -99    -99    -99    -99    -99    -99    -99    -99   10116   16797   35608     -99   1.9   5.0 257.2 -99.0   1.0 -99.0  5698  9049  5698  9049 0.658 0.650   -99   -99   -99   -99   -99   -99   -99   -99   -99   -99
  14 UYMO1801CS     1  0 CS     8   -99    -99     87    -99    128    -99    -99    -99    -99    -99    -99    -99    -99    -99    -99    -99    -99    -99    -99    -99    -99    -99    -99    -99    -99    -99    -99    -99    -99    -99    -99    -99    -99   11037   10789   39521     -99   2.3   5.0 238.8 -99.0   1.0 -99.0  5401 12240  5401 12240 0.695 0.468   -99   -99   -99   -99   -99   -99   -99   -99   -99   -99
  15 UYMO1901CS     1  0 CS     8   -99    -99     87    -99    128    -99    -99    -99    -99    -99    -99    -99    -99    -99    -99    -99    -99    -99    -99    -99    -99    -99    -99    -99    -99    -99    -99    -99    -99    -99    -99    -99    -99   10888    7136   39058     -99   2.4   5.0 247.0 -99.0   1.0 -99.0  5435  7635  5435  7635 0.689 0.483   -99   -99   -99   -99   -99   -99   -99   -99   -99   -99
  16 UYON1801CS     1  0 CS     8   -99    -99     87    -99    128    -99    -99    -99    -99    -99    -99    -99    -99    -99    -99    -99    -99    -99    -99    -99    -99    -99    -99    -99    -99    -99    -99    -99    -99    -99    -99    -99    -99   28334    8069   96219     -99   2.6   5.0 235.9 -99.0   1.0 -99.0  7346  4306  7346  4306 0.840 0.652   -99   -99   -99   -99   -99   -99   -99   -99   -99   -99
  17 UYOT1801CS     1  0 CS     8   -99    -99     87    -99    128    -99    -99    -99    -99    -99    -99    -99    -99    -99    -99    -99    -99    -99    -99    -99    -99    -99    -99    -99    -99    -99    -99    -99    -99    -99    -99    -99    -99   16921   19153   58125     -99   2.4   5.0 256.4 -99.0   1.0 -99.0  6272  6821  6272  6821 0.756 0.737   -99   -99   -99   -99   -99   -99   -99   -99   -99   -99
  18 UYUB1901CS     1  0 CS     8   -99    -99     86    -99    127    -99    -99    -99    -99    -99    -99    -99    -99    -99    -99    -99    -99    -99    -99    -99    -99    -99    -99    -99    -99    -99    -99    -99    -99    -99    -99    -99    -99   21367    5890   73982     -99   2.6   5.0 240.0 -99.0   1.0 -99.0  6525  2911  6525  2911 0.802 0.669   -99   -99   -99   -99   -99   -99   -99   -99   -99   -99
  19 UYUM1801CS     1  0 CS     9   -99    -99     87    -99    128    -99    -99    -99    -99    -99    -99    -99    -99    -99    -99    -99    -99    -99    -99    -99    -99    -99    -99    -99    -99    -99    -99    -99    -99    -99    -99    -99    -99   22526   12787   76912     -99   2.4   5.0 257.3 -99.0   1.0 -99.0  6870  5867  6870  5867 0.804 0.685   -99   -99   -99   -99   -99   -99   -99   -99   -99   -99
  20 UYZA1901CS     1  0 CS     8   -99    -99     87    -99    128    -99    -99    -99    -99    -99    -99    -99    -99    -99    -99    -99    -99    -99    -99    -99    -99    -99    -99    -99    -99    -99    -99    -99    -99    -99    -99    -99    -99   11999    7766   41614     -99   2.5   5.0 238.5 -99.0   1.0 -99.0  5692  4823  5692  4823 0.704 0.617   -99   -99   -99   -99   -99   -99   -99   -99   -99   -99
   1 UYAB1901CS     1  0 CS     8   -99    -99     87    -99    128    -99    -99    -99    -99    -99    -99    -99    -99    -99    -99    -99    -99    -99    -99    -99    -99    -99    -99    -99    -99    -99    -99    -99    -99    -99    -99    -99    -99   14996   12507   53245     -99   3.1   5.0 365.5 -99.0   1.0 -99.0 10922  4729 10922  4729 0.597 0.726   -99   -99   -99   -99   -99   -99   -99   -99   -99   -99
   2 UYAG1701CS     1  0 CS     8   -99    -99     87    -99    128    -99    -99    -99    -99    -99    -99    -99    -99    -99    -99    -99    -99    -99    -99    -99    -99    -99    -99    -99    -99    -99    -99    -99    -99    -99    -99    -99    -99   13433   12289   46091     -99   2.4   5.0 290.3 -99.0   1.0 -99.0  9870 10122  9870 10122 0.591 0.548   -99   -99   -99   -99   -99   -99   -99   -99   -99   -99
   3 UYAG1801CS     1  0 CS     8   -99    -99     87    -99    128    -99    -99    -99    -99    -99    -99    -99    -99    -99    -99    -99    -99    -99    -99    -99    -99    -99    -99    -99    -99    -99    -99    -99    -99    -99    -99    -99    -99   20898   10693   72368     -99   3.1   5.0 349.0 -99.0   1.0 -99.0 11084 11823 11084 11823 0.683 0.475   -99   -99   -99   -99   -99   -99   -99   -99   -99   -99
   4 UYAG1901CS     1  0 CS     8   -99    -99     87    -99    128    -99    -99    -99    -99    -99    -99    -99    -99    -99    -99    -99    -99    -99    -99    -99    -99    -99    -99    -99    -99    -99    -99    -99    -99    -99    -99    -99    -99   21709   18991   75834     -99   3.1   5.0 348.6 -99.0   1.0 -99.0 11132  9734 11132  9734 0.692 0.661   -99   -99   -99   -99   -99   -99   -99   -99   -99   -99
   5 UYIB1701CS     1  0 CS     8   -99    -99     86    -99    127    -99    -99    -99    -99    -99    -99    -99    -99    -99    -99    -99    -99    -99    -99    -99    -99    -99    -99    -99    -99    -99    -99    -99    -99    -99    -99    -99    -99   16685   15661   56524     -99   2.1   5.0 328.7 -99.0   1.0 -99.0 10681  6194 10681  6194 0.631 0.717   -99   -99   -99   -99   -99   -99   -99   -99   -99   -99
   6 UYIB1801CS     1  0 CS     8   -99    -99     35    -99     76    -99    -99    -99    -99    -99    -99    -99    -99    -99    -99    -99    -99    -99    -99    -99    -99    -99    -99    -99    -99    -99    -99    -99    -99    -99    -99    -99    -99   17459   19598   59342     -99   2.5   5.0 326.9 -99.0   1.0 -99.0 10958  6726 10958  6726 0.637 0.744   -99   -99   -99   -99   -99   -99   -99   -99   -99   -99
   7 UYIB1901CS     1  0 CS     8   -99    -99     86    -99    127    -99    -99    -99    -99    -99    -99    -99    -99    -99    -99    -99    -99    -99    -99    -99    -99    -99    -99    -99    -99    -99    -99    -99    -99    -99    -99    -99    -99   20421   10594   71644     -99   3.1   5.0 311.4 -99.0   1.0 -99.0 10508  6203 10508  6203 0.689 0.631   -99   -99   -99   -99   -99   -99   -99   -99   -99   -99
   8 UYIB2001CS     1  0 CS     8   -99    -99    418    -99    459    -99    -99    -99    -99    -99    -99    -99    -99    -99    -99    -99    -99    -99    -99    -99    -99    -99    -99    -99    -99    -99    -99    -99    -99    -99    -99    -99    -99   14996   14954   53245     -99   3.1   5.0 365.5 -99.0   1.0 -99.0 10922 14146 10922 14146 0.597 0.514   -99   -99   -99   -99   -99   -99   -99   -99   -99   -99
   9 UYIK1701CS     1  0 CS     9   -99    -99     87    -99    128    -99    -99    -99    -99    -99    -99    -99    -99    -99    -99    -99    -99    -99    -99    -99    -99    -99    -99    -99    -99    -99    -99    -99    -99    -99    -99    -99    -99   20603   13302   70150     -99   2.5   5.0 355.0 -99.0   1.0 -99.0 11275  7812 11275  7812 0.674 0.630   -99   -99   -99   -99   -99   -99   -99   -99   -99   -99
  10 UYIK1801CS     1  0 CS     8   -99    -99     87    -99    128    -99    -99    -99    -99    -99    -99    -99    -99    -99    -99    -99    -99    -99    -99    -99    -99    -99    -99    -99    -99    -99    -99    -99    -99    -99    -99    -99    -99   21987    8592   76056     -99   3.0   5.0 358.3 -99.0   1.0 -99.0 11154  7049 11154  7049 0.694 0.549   -99   -99   -99   -99   -99   -99   -99   -99   -99   -99
  11 UYIK1901CS     1  0 CS     8   -99    -99     87    -99    128    -99    -99    -99    -99    -99    -99    -99    -99    -99    -99    -99    -99    -99    -99    -99    -99    -99    -99    -99    -99    -99    -99    -99    -99    -99    -99    -99    -99   22771   17732   79218     -99   3.1   5.0 370.3 -99.0   1.0 -99.0 11372 14635 11372 14635 0.699 0.548   -99   -99   -99   -99   -99   -99   -99   -99   -99   -99
  12 UYKA1801CS     1  0 CS     8   -99    -99     87    -99    128    -99    -99    -99    -99    -99    -99    -99    -99    -99    -99    -99    -99    -99    -99    -99    -99    -99    -99    -99    -99    -99    -99    -99    -99    -99    -99    -99    -99    2831    4143   18015     -99   2.6   5.0 275.7 -99.0   1.0 -99.0  8896  5955  8896  5955 0.233 0.410   -99   -99   -99   -99   -99   -99   -99   -99   -99   -99
  13 UYMO1701CS     1  0 CS     8   -99    -99     87    -99    128    -99    -99    -99    -99    -99    -99    -99    -99    -99    -99    -99    -99    -99    -99    -99    -99    -99    -99    -99    -99    -99    -99    -99    -99    -99    -99    -99    -99    7349   16797   26639     -99   1.5   5.0 340.5 -99.0   1.0 -99.0  8688  9049  8688  9049 0.460 0.650   -99   -99   -99   -99   -99   -99   -99   -99   -99   -99
  14 UYMO1801CS     1  0 CS     8   -99    -99     87    -99    128    -99    -99    -99    -99    -99    -99    -99    -99    -99    -99    -99    -99    -99    -99    -99    -99    -99    -99    -99    -99    -99    -99    -99    -99    -99    -99    -99    -99    8915   10789   35917     -99   3.1   5.0 319.7 -99.0   1.0 -99.0  9711 12240  9711 12240 0.483 0.468   -99   -99   -99   -99   -99   -99   -99   -99   -99   -99
  15 UYMO1901CS     1  0 CS     8   -99    -99     87    -99    128    -99    -99    -99    -99    -99    -99    -99    -99    -99    -99    -99    -99    -99    -99    -99    -99    -99    -99    -99    -99    -99    -99    -99    -99    -99    -99    -99    -99    8627    7136   35219     -99   3.0   5.0 326.5 -99.0   1.0 -99.0  9712  7635  9712  7635 0.474 0.483   -99   -99   -99   -99   -99   -99   -99   -99   -99   -99
  16 UYON1801CS     1  0 CS     8   -99    -99     87    -99    128    -99    -99    -99    -99    -99    -99    -99    -99    -99    -99    -99    -99    -99    -99    -99    -99    -99    -99    -99    -99    -99    -99    -99    -99    -99    -99    -99    -99   26746    8069   90915     -99   3.3   5.0 317.1 -99.0   1.0 -99.0 11659  4306 11659  4306 0.733 0.652   -99   -99   -99   -99   -99   -99   -99   -99   -99   -99
  17 UYOT1801CS     1  0 CS     8   -99    -99     87    -99    128    -99    -99    -99    -99    -99    -99    -99    -99    -99    -99    -99    -99    -99    -99    -99    -99    -99    -99    -99    -99    -99    -99    -99    -99    -99    -99    -99    -99   14893   19153   51287     -99   3.1   5.0 340.6 -99.0   1.0 -99.0 10577  6821 10577  6821 0.602 0.737   -99   -99   -99   -99   -99   -99   -99   -99   -99   -99
  18 UYUB1901CS     1  0 CS     8   -99    -99     86    -99    127    -99    -99    -99    -99    -99    -99    -99    -99    -99    -99    -99    -99    -99    -99    -99    -99    -99    -99    -99    -99    -99    -99    -99    -99    -99    -99    -99    -99   19996    5890   69526     -99   3.3   5.0 320.6 -99.0   1.0 -99.0 10962  2911 10962  2911 0.674 0.669   -99   -99   -99   -99   -99   -99   -99   -99   -99   -99
  19 UYUM1801CS     1  0 CS     9   -99    -99     87    -99    128    -99    -99    -99    -99    -99    -99    -99    -99    -99    -99    -99    -99    -99    -99    -99    -99    -99    -99    -99    -99    -99    -99    -99    -99    -99    -99    -99    -99   20396   12787   69618     -99   3.1   5.0 345.5 -99.0   1.0 -99.0 11098  5867 11098  5867 0.675 0.685   -99   -99   -99   -99   -99   -99   -99   -99   -99   -99
  20 UYZA1901CS     1  0 CS     8   -99    -99     87    -99    128    -99    -99    -99    -99    -99    -99    -99    -99    -99    -99    -99    -99    -99    -99    -99    -99    -99    -99    -99    -99    -99    -99    -99    -99    -99    -99    -99    -99    9500    7766   36091     -99   3.1   5.0 317.9 -99.0   1.0 -99.0 10125  4823 10125  4823 0.490 0.617   -99   -99   -99   -99   -99   -99   -99   -99   -99   -99
   1 UYAB1901CS     1  0 CS     8   -99    -99     87    -99    128    -99    -99    -99    -99    -99    -99    -99    -99    -99    -99    -99    -99    -99    -99    -99    -99    -99    -99    -99    -99    -99    -99    -99    -99    -99    -99    -99    -99   16085   12507   57823     -99   3.2   5.0 397.9 -99.0   1.0 -99.0 10110  4729 10110  4729 0.636 0.726   -99   -99   -99   -99   -99   -99   -99   -99   -99   -99
   2 UYAG1701CS     1  0 CS     8   -99    -99     87    -99    128    -99    -99    -99    -99    -99    -99    -99    -99    -99    -99    -99    -99    -99    -99    -99    -99    -99    -99    -99    -99    -99    -99    -99    -99    -99    -99    -99    -99   14473   12289   49842     -99   2.4   5.0 330.3 -99.0   1.0 -99.0  9113 10122  9113 10122 0.630 0.548   -99   -99   -99   -99   -99   -99   -99   -99   -99   -99
   3 UYAG1801CS     1  0 CS     8   -99    -99     87    -99    128    -99    -99    -99    -99    -99    -99    -99    -99    -99    -99    -99    -99    -99    -99    -99    -99    -99    -99    -99    -99    -99    -99    -99    -99    -99    -99    -99    -99   21663   10693   75640     -99   3.2   5.0 385.8 -99.0   1.0 -99.0 10254 11823 10254 11823 0.707 0.475   -99   -99   -99   -99   -99   -99   -99   -99   -99   -99
   4 UYAG1901CS     1  0 CS     8   -99    -99     87    -99    128    -99    -99    -99    -99    -99    -99    -99    -99    -99    -99    -99    -99    -99    -99    -99    -99    -99    -99    -99    -99    -99    -99    -99    -99    -99    -99    -99    -99   22837   18991   80337     -99   3.0   5.0 389.4 -99.0   1.0 -99.0 10331  9734 10331  9734 0.722 0.661   -99   -99   -99   -99   -99   -99   -99   -99   -99   -99
   5 UYIB1701CS     1  0 CS     8   -99    -99     86    -99    127    -99    -99    -99    -99    -99    -99    -99    -99    -99    -99    -99    -99    -99    -99    -99    -99    -99    -99    -99    -99    -99    -99    -99    -99    -99    -99    -99    -99   17159   15661   58407     -99   2.3   5.0 359.7 -99.0   1.0 -99.0  9941  6194  9941  6194 0.656 0.717   -99   -99   -99   -99   -99   -99   -99   -99   -99   -99
   6 UYIB1801CS     1  0 CS     8   -99    -99     35    -99     76    -99    -99    -99    -99    -99    -99    -99    -99    -99    -99    -99    -99    -99    -99    -99    -99    -99    -99    -99    -99    -99    -99    -99    -99    -99    -99    -99    -99   18515   19598   63127     -99   2.6   5.0 371.1 -99.0   1.0 -99.0 10037  6726 10037  6726 0.671 0.744   -99   -99   -99   -99   -99   -99   -99   -99   -99   -99
   7 UYIB1901CS     1  0 CS     8   -99    -99     86    -99    127    -99    -99    -99    -99    -99    -99    -99    -99    -99    -99    -99    -99    -99    -99    -99    -99    -99    -99    -99    -99    -99    -99    -99    -99    -99    -99    -99    -99   21324   10594   75257     -99   3.2   5.0 350.4 -99.0   1.0 -99.0  9858  6203  9858  6203 0.716 0.631   -99   -99   -99   -99   -99   -99   -99   -99   -99   -99
   8 UYIB2001CS     1  0 CS     8   -99    -99    418    -99    459    -99    -99    -99    -99    -99    -99    -99    -99    -99    -99    -99    -99    -99    -99    -99    -99    -99    -99    -99    -99    -99    -99    -99    -99    -99    -99    -99    -99   16085   14954   57823     -99   3.2   5.0 397.9 -99.0   1.0 -99.0 10110 14146 10110 14146 0.636 0.514   -99   -99   -99   -99   -99   -99   -99   -99   -99   -99
   9 UYIK1701CS     1  0 CS     9   -99    -99     87    -99    128    -99    -99    -99    -99    -99    -99    -99    -99    -99    -99    -99    -99    -99    -99    -99    -99    -99    -99    -99    -99    -99    -99    -99    -99    -99    -99    -99    -99   20288   13302   69494     -99   2.4   5.0 390.3 -99.0   1.0 -99.0 10246  7812 10246  7812 0.690 0.630   -99   -99   -99   -99   -99   -99   -99   -99   -99   -99
  10 UYIK1801CS     1  0 CS     8   -99    -99     87    -99    128    -99    -99    -99    -99    -99    -99    -99    -99    -99    -99    -99    -99    -99    -99    -99    -99    -99    -99    -99    -99    -99    -99    -99    -99    -99    -99    -99    -99   22389    8592   78133     -99   3.1   5.0 393.0 -99.0   1.0 -99.0 10309  7049 10309  7049 0.715 0.549   -99   -99   -99   -99   -99   -99   -99   -99   -99   -99
  11 UYIK1901CS     1  0 CS     8   -99    -99     87    -99    128    -99    -99    -99    -99    -99    -99    -99    -99    -99    -99    -99    -99    -99    -99    -99    -99    -99    -99    -99    -99    -99    -99    -99    -99    -99    -99    -99    -99   23732   17732   83062     -99   3.0   5.0 414.2 -99.0   1.0 -99.0 10577 14635 10577 14635 0.727 0.548   -99   -99   -99   -99   -99   -99   -99   -99   -99   -99
  12 UYKA1801CS     1  0 CS     8   -99    -99     87    -99    128    -99    -99    -99    -99    -99    -99    -99    -99    -99    -99    -99    -99    -99    -99    -99    -99    -99    -99    -99    -99    -99    -99    -99    -99    -99    -99    -99    -99    4032    4143   21795     -99   2.8   5.0 299.2 -99.0   1.0 -99.0  8124  5955  8124  5955 0.323 0.410   -99   -99   -99   -99   -99   -99   -99   -99   -99   -99
  13 UYMO1701CS     1  0 CS     8   -99    -99     87    -99    128    -99    -99    -99    -99    -99    -99    -99    -99    -99    -99    -99    -99    -99    -99    -99    -99    -99    -99    -99    -99    -99    -99    -99    -99    -99    -99    -99    -99    7973   16797   31716     -99   2.3   5.0 373.9 -99.0   1.0 -99.0  9111  9049  9111  9049 0.469 0.650   -99   -99   -99   -99   -99   -99   -99   -99   -99   -99
  14 UYMO1801CS     1  0 CS     8   -99    -99     87    -99    128    -99    -99    -99    -99    -99    -99    -99    -99    -99    -99    -99    -99    -99    -99    -99    -99    -99    -99    -99    -99    -99    -99    -99    -99    -99    -99    -99    -99   10733   10789   43153     -99   3.1   5.0 359.9 -99.0   1.0 -99.0  9140 12240  9140 12240 0.550 0.468   -99   -99   -99   -99   -99   -99   -99   -99   -99   -99
  15 UYMO1901CS     1  0 CS     8   -99    -99     87    -99    128    -99    -99    -99    -99    -99    -99    -99    -99    -99    -99    -99    -99    -99    -99    -99    -99    -99    -99    -99    -99    -99    -99    -99    -99    -99    -99    -99    -99   10586    7136   43174     -99   3.0   5.0 372.9 -99.0   1.0 -99.0  9099  7635  9099  7635 0.547 0.483   -99   -99   -99   -99   -99   -99   -99   -99   -99   -99
  16 UYON1801CS     1  0 CS     8   -99    -99     87    -99    128    -99    -99    -99    -99    -99    -99    -99    -99    -99    -99    -99    -99    -99    -99    -99    -99    -99    -99    -99    -99    -99    -99    -99    -99    -99    -99    -99    -99   27012    8069   92373     -99   3.4   5.0 348.4 -99.0   1.0 -99.0 10733  4306 10733  4306 0.751 0.652   -99   -99   -99   -99   -99   -99   -99   -99   -99   -99
  17 UYOT1801CS     1  0 CS     8   -99    -99     87    -99    128    -99    -99    -99    -99    -99    -99    -99    -99    -99    -99    -99    -99    -99    -99    -99    -99    -99    -99    -99    -99    -99    -99    -99    -99    -99    -99    -99    -99   15874   19153   55232     -99   3.1   5.0 374.0 -99.0   1.0 -99.0  9727  6821  9727  6821 0.641 0.737   -99   -99   -99   -99   -99   -99   -99   -99   -99   -99
  18 UYUB1901CS     1  0 CS     8   -99    -99     86    -99    127    -99    -99    -99    -99    -99    -99    -99    -99    -99    -99    -99    -99    -99    -99    -99    -99    -99    -99    -99    -99    -99    -99    -99    -99    -99    -99    -99    -99   21286    5890   74395     -99   3.3   5.0 356.0 -99.0   1.0 -99.0 10158  2911 10158  2911 0.709 0.669   -99   -99   -99   -99   -99   -99   -99   -99   -99   -99
  19 UYUM1801CS     1  0 CS     9   -99    -99     87    -99    128    -99    -99    -99    -99    -99    -99    -99    -99    -99    -99    -99    -99    -99    -99    -99    -99    -99    -99    -99    -99    -99    -99    -99    -99    -99    -99    -99    -99   20698   12787   71235     -99   3.1   5.0 380.2 -99.0   1.0 -99.0 10183  5867 10183  5867 0.696 0.685   -99   -99   -99   -99   -99   -99   -99   -99   -99   -99
  20 UYZA1901CS     1  0 CS     8   -99    -99     87    -99    128    -99    -99    -99    -99    -99    -99    -99    -99    -99    -99    -99    -99    -99    -99    -99    -99    -99    -99    -99    -99    -99    -99    -99    -99    -99    -99    -99    -99   11338    7766   43689     -99   3.2   5.0 350.0 -99.0   1.0 -99.0  9489  4823  9489  4823 0.556 0.617   -99   -99   -99   -99   -99   -99   -99   -99   -99   -99
   1 UYAB1901CS     1  0 CS     8   -99    -99     87    -99    128    -99    -99    -99    -99    -99    -99    -99    -99    -99    -99    -99    -99    -99    -99    -99    -99    -99    -99    -99    -99    -99    -99    -99    -99    -99    -99    -99    -99   11627   12507   40929     -99   1.8   5.0 209.4 -99.0   1.0 -99.0  6864  4729  6864  4729 0.651 0.726   -99   -99   -99   -99   -99   -99   -99   -99   -99   -99
   2 UYAG1701CS     1  0 CS     8   -99    -99     87    -99    128    -99    -99    -99    -99    -99    -99    -99    -99    -99    -99    -99    -99    -99    -99    -99    -99    -99    -99    -99    -99    -99    -99    -99    -99    -99    -99    -99    -99   11473   12289   39385     -99   1.4   5.0 172.0 -99.0   1.0 -99.0  6166 10122  6166 10122 0.663 0.548   -99   -99   -99   -99   -99   -99   -99   -99   -99   -99
   3 UYAG1801CS     1  0 CS     8   -99    -99     87    -99    128    -99    -99    -99    -99    -99    -99    -99    -99    -99    -99    -99    -99    -99    -99    -99    -99    -99    -99    -99    -99    -99    -99    -99    -99    -99    -99    -99    -99   16118   10693   55873     -99   1.8   5.0 199.6 -99.0   1.0 -99.0  6997 11823  6997 11823 0.722 0.475   -99   -99   -99   -99   -99   -99   -99   -99   -99   -99
   4 UYAG1901CS     1  0 CS     8   -99    -99     87    -99    128    -99    -99    -99    -99    -99    -99    -99    -99    -99    -99    -99    -99    -99    -99    -99    -99    -99    -99    -99    -99    -99    -99    -99    -99    -99    -99    -99    -99   17213   18991   59950     -99   1.8   5.0 203.5 -99.0   1.0 -99.0  7104  9734  7104  9734 0.740 0.661   -99   -99   -99   -99   -99   -99   -99   -99   -99   -99
   5 UYIB1701CS     1  0 CS     8   -99    -99     86    -99    127    -99    -99    -99    -99    -99    -99    -99    -99    -99    -99    -99    -99    -99    -99    -99    -99    -99    -99    -99    -99    -99    -99    -99    -99    -99    -99    -99    -99   13514   15661   45961     -99   1.4   5.0 191.6 -99.0   1.0 -99.0  6869  6194  6869  6194 0.684 0.717   -99   -99   -99   -99   -99   -99   -99   -99   -99   -99
   6 UYIB1801CS     1  0 CS     8   -99    -99     35    -99     76    -99    -99    -99    -99    -99    -99    -99    -99    -99    -99    -99    -99    -99    -99    -99    -99    -99    -99    -99    -99    -99    -99    -99    -99    -99    -99    -99    -99   13946   19598   47429     -99   1.5   5.0 194.3 -99.0   1.0 -99.0  6916  6726  6916  6726 0.688 0.744   -99   -99   -99   -99   -99   -99   -99   -99   -99   -99
   7 UYIB1901CS     1  0 CS     8   -99    -99     86    -99    127    -99    -99    -99    -99    -99    -99    -99    -99    -99    -99    -99    -99    -99    -99    -99    -99    -99    -99    -99    -99    -99    -99    -99    -99    -99    -99    -99    -99   16675   10594   58165     -99   1.8   5.0 179.8 -99.0   1.0 -99.0  6726  6203  6726  6203 0.745 0.631   -99   -99   -99   -99   -99   -99   -99   -99   -99   -99
   8 UYIB2001CS     1  0 CS     8   -99    -99    418    -99    459    -99    -99    -99    -99    -99    -99    -99    -99    -99    -99    -99    -99    -99    -99    -99    -99    -99    -99    -99    -99    -99    -99    -99    -99    -99    -99    -99    -99   11627   14954   40929     -99   1.8   5.0 209.4 -99.0   1.0 -99.0  6864 14146  6864 14146 0.651 0.514   -99   -99   -99   -99   -99   -99   -99   -99   -99   -99
   9 UYIK1701CS     1  0 CS     9   -99    -99     87    -99    128    -99    -99    -99    -99    -99    -99    -99    -99    -99    -99    -99    -99    -99    -99    -99    -99    -99    -99    -99    -99    -99    -99    -99    -99    -99    -99    -99    -99   16393   13302   55904     -99   1.5   5.0 210.1 -99.0   1.0 -99.0  7206  7812  7206  7812 0.720 0.630   -99   -99   -99   -99   -99   -99   -99   -99   -99   -99
  10 UYIK1801CS     1  0 CS     8   -99    -99     87    -99    128    -99    -99    -99    -99    -99    -99    -99    -99    -99    -99    -99    -99    -99    -99    -99    -99    -99    -99    -99    -99    -99    -99    -99    -99    -99    -99    -99    -99   17195    8592   59528     -99   1.7   5.0 206.7 -99.0   1.0 -99.0  7129  7049  7129  7049 0.735 0.549   -99   -99   -99   -99   -99   -99   -99   -99   -99   -99
  11 UYIK1901CS     1  0 CS     8   -99    -99     87    -99    128    -99    -99    -99    -99    -99    -99    -99    -99    -99    -99    -99    -99    -99    -99    -99    -99    -99    -99    -99    -99    -99    -99    -99    -99    -99    -99    -99    -99   17793   17732   61786     -99   1.7   5.0 213.8 -99.0   1.0 -99.0  7289 14635  7289 14635 0.742 0.548   -99   -99   -99   -99   -99   -99   -99   -99   -99   -99
  12 UYKA1801CS     1  0 CS     8   -99    -99     87    -99    128    -99    -99    -99    -99    -99    -99    -99    -99    -99    -99    -99    -99    -99    -99    -99    -99    -99    -99    -99    -99    -99    -99    -99    -99    -99    -99    -99    -99    3463    4143   16408     -99   1.6   5.0 163.0 -99.0   1.0 -99.0  5410  5955  5410  5955 0.381 0.410   -99   -99   -99   -99   -99   -99   -99   -99   -99   -99
  13 UYMO1701CS     1  0 CS     8   -99    -99     87    -99    128    -99    -99    -99    -99    -99    -99    -99    -99    -99    -99    -99    -99    -99    -99    -99    -99    -99    -99    -99    -99    -99    -99    -99    -99    -99    -99    -99    -99    6445   16797   24373     -99   1.4   5.0 202.7 -99.0   1.0 -99.0  6234  9049  6234  9049 0.512 0.650   -99   -99   -99   -99   -99   -99   -99   -99   -99   -99
  14 UYMO1801CS     1  0 CS     8   -99    -99     87    -99    128    -99    -99    -99    -99    -99    -99    -99    -99    -99    -99    -99    -99    -99    -99    -99    -99    -99    -99    -99    -99    -99    -99    -99    -99    -99    -99    -99    -99    7425   10789   28821     -99   1.7   5.0 187.6 -99.0   1.0 -99.0  6071 12240  6071 12240 0.558 0.468   -99   -99   -99   -99   -99   -99   -99   -99   -99   -99
  15 UYMO1901CS     1  0 CS     8   -99    -99     87    -99    128    -99    -99    -99    -99    -99    -99    -99    -99    -99    -99    -99    -99    -99    -99    -99    -99    -99    -99    -99    -99    -99    -99    -99    -99    -99    -99    -99    -99    6994    7136   27642     -99   1.7   5.0 189.3 -99.0   1.0 -99.0  6042  7635  6042  7635 0.543 0.483   -99   -99   -99   -99   -99   -99   -99   -99   -99   -99
  16 UYON1801CS     1  0 CS     8   -99    -99     87    -99    128    -99    -99    -99    -99    -99    -99    -99    -99    -99    -99    -99    -99    -99    -99    -99    -99    -99    -99    -99    -99    -99    -99    -99    -99    -99    -99    -99    -99   21794    8069   74101     -99   1.9   5.0 184.1 -99.0   1.0 -99.0  7520  4306  7520  4306 0.780 0.652   -99   -99   -99   -99   -99   -99   -99   -99   -99   -99
  17 UYOT1801CS     1  0 CS     8   -99    -99     87    -99    128    -99    -99    -99    -99    -99    -99    -99    -99    -99    -99    -99    -99    -99    -99    -99    -99    -99    -99    -99    -99    -99    -99    -99    -99    -99    -99    -99    -99   11683   19153   40285     -99   1.7   5.0 197.6 -99.0   1.0 -99.0  6605  6821  6605  6821 0.653 0.737   -99   -99   -99   -99   -99   -99   -99   -99   -99   -99
  18 UYUB1901CS     1  0 CS     8   -99    -99     86    -99    127    -99    -99    -99    -99    -99    -99    -99    -99    -99    -99    -99    -99    -99    -99    -99    -99    -99    -99    -99    -99    -99    -99    -99    -99    -99    -99    -99    -99   16020    5890   55667     -99   1.9   5.0 185.1 -99.0   1.0 -99.0  6917  2911  6917  2911 0.725 0.669   -99   -99   -99   -99   -99   -99   -99   -99   -99   -99
  19 UYUM1801CS     1  0 CS     9   -99    -99     87    -99    128    -99    -99    -99    -99    -99    -99    -99    -99    -99    -99    -99    -99    -99    -99    -99    -99    -99    -99    -99    -99    -99    -99    -99    -99    -99    -99    -99    -99   16577   12787   56739     -99   1.7   5.0 200.0 -99.0   1.0 -99.0  7112  5867  7112  5867 0.726 0.685   -99   -99   -99   -99   -99   -99   -99   -99   -99   -99
  20 UYZA1901CS     1  0 CS     8   -99    -99     87    -99    128    -99    -99    -99    -99    -99    -99    -99    -99    -99    -99    -99    -99    -99    -99    -99    -99    -99    -99    -99    -99    -99    -99    -99    -99    -99    -99    -99    -99    8021    7766   29955     -99   1.8   5.0 185.4 -99.0   1.0 -99.0  6291  4823  6291  4823 0.571 0.617   -99   -99   -99   -99   -99   -99   -99   -99   -99   -99
