@RUN EXCODE      TRNO RN CR EDAPS EDAPM B1DAPS B1DAPM B2DAPS B2DAPM B3DAPS B3DAPM B4DAPS B4DAPM B5DAPS B5DAPM B6DAPS B6DAPM B7DAPS B7DAPM B8DAPS B8DAPM B9DAPS B9DAPM B10DPS B10DPM B11DPS B11DPM B12DPS B12DPM B13DPS B13DPM B14DPS B14DPM B15DPS B15DPM B16DPS B16DPM   HWAMS   HWAMM   FWAMS   FWAMM LAIXS LAIXM L#SMS L#SMM BR#SS BR#SM CWAMS CWAMM VWAMS VWAMM HIAMS HIAMM HN%MS HN%MM VN%MS VN%MM CNAMS CNAMM HNAMS HNAMM HINMS HINMM
   1 UYAB1901CS     5  0 CS     8   -99    137    -99    -99    -99    -99    -99    -99    -99    -99    -99    -99    -99    -99    -99    -99    -99    -99    -99    -99    -99    -99    -99    -99    -99    -99    -99    -99    -99    -99    -99    -99    -99    7910    8916   29225     -99   1.4   3.0 198.3 -99.0   2.7 -99.0  5281  4370  5281  4370 0.614 0.671   -99   -99   -99   -99   -99   -99   -99   -99   -99   -99
   2 UYAG1701CS     5  0 CS     8   -99    137    -99    -99    -99    -99    -99    -99    -99    -99    -99    -99    -99    -99    -99    -99    -99    -99    -99    -99    -99    -99    -99    -99    -99    -99    -99    -99    -99    -99    -99    -99    -99    7910   10763   29225     -99   1.4   3.0 198.3 -99.0   2.7 -99.0  5281 10451  5281 10451 0.614 0.507   -99   -99   -99   -99   -99   -99   -99   -99   -99   -99
   3 UYAG1801CS     5  0 CS     8   -99    137    -99    -99    -99    -99    -99    -99    -99    -99    -99    -99    -99    -99    -99    -99    -99    -99    -99    -99    -99    -99    -99    -99    -99    -99    -99    -99    -99    -99    -99    -99    -99    7910    8603   29225     -99   1.4   3.0 198.3 -99.0   2.7 -99.0  5281  8941  5281  8941 0.614 0.490   -99   -99   -99   -99   -99   -99   -99   -99   -99   -99
   4 UYAG1901CS     5  0 CS     8   -99    137    -99    -99    -99    -99    -99    -99    -99    -99    -99    -99    -99    -99    -99    -99    -99    -99    -99    -99    -99    -99    -99    -99    -99    -99    -99    -99    -99    -99    -99    -99    -99    7910   12410   29225     -99   1.4   3.0 198.3 -99.0   2.7 -99.0  5281 14292  5281 14292 0.614 0.465   -99   -99   -99   -99   -99   -99   -99   -99   -99   -99
   5 UYIB1801CS     5  0 CS     8   -99    137    -99    -99    -99    -99    -99    -99    -99    -99    -99    -99    -99    -99    -99    -99    -99    -99    -99    -99    -99    -99    -99    -99    -99    -99    -99    -99    -99    -99    -99    -99    -99    7910    9208   29225     -99   1.4   3.0 198.3 -99.0   2.7 -99.0  5281  7983  5281  7983 0.614 0.536   -99   -99   -99   -99   -99   -99   -99   -99   -99   -99
   6 UYIB1901CS     5  0 CS     8   -99    137    -99    -99    -99    -99    -99    -99    -99    -99    -99    -99    -99    -99    -99    -99    -99    -99    -99    -99    -99    -99    -99    -99    -99    -99    -99    -99    -99    -99    -99    -99    -99    7910    8395   29225     -99   1.4   3.0 198.3 -99.0   2.7 -99.0  5281  8286  5281  8286 0.614 0.503   -99   -99   -99   -99   -99   -99   -99   -99   -99   -99
   7 UYIK1701CS     5  0 CS     8   -99    137    -99    -99    -99    -99    -99    -99    -99    -99    -99    -99    -99    -99    -99    -99    -99    -99    -99    -99    -99    -99    -99    -99    -99    -99    -99    -99    -99    -99    -99    -99    -99    7910    9350   29225     -99   1.4   3.0 198.3 -99.0   2.7 -99.0  5281  7292  5281  7292 0.614 0.562   -99   -99   -99   -99   -99   -99   -99   -99   -99   -99
   8 UYIK1801CS     5  0 CS     8   -99    137    -99    -99    -99    -99    -99    -99    -99    -99    -99    -99    -99    -99    -99    -99    -99    -99    -99    -99    -99    -99    -99    -99    -99    -99    -99    -99    -99    -99    -99    -99    -99    7910    5861   29225     -99   1.4   3.0 198.3 -99.0   2.7 -99.0  5281  6684  5281  6684 0.614 0.467   -99   -99   -99   -99   -99   -99   -99   -99   -99   -99
   9 UYIK1901CS     5  0 CS     8   -99    137    -99    -99    -99    -99    -99    -99    -99    -99    -99    -99    -99    -99    -99    -99    -99    -99    -99    -99    -99    -99    -99    -99    -99    -99    -99    -99    -99    -99    -99    -99    -99    7910   14040   29225     -99   1.4   3.0 198.3 -99.0   2.7 -99.0  5281 15729  5281 15729 0.614 0.472   -99   -99   -99   -99   -99   -99   -99   -99   -99   -99
  10 UYKA1801CS     5  0 CS     8   -99    137    -99    -99    -99    -99    -99    -99    -99    -99    -99    -99    -99    -99    -99    -99    -99    -99    -99    -99    -99    -99    -99    -99    -99    -99    -99    -99    -99    -99    -99    -99    -99    7910    5941   29225     -99   1.4   3.0 198.3 -99.0   2.7 -99.0  5281  7500  5281  7500 0.614 0.442   -99   -99   -99   -99   -99   -99   -99   -99   -99   -99
  11 UYMO1701CS     5  0 CS     8   -99    137    -99    -99    -99    -99    -99    -99    -99    -99    -99    -99    -99    -99    -99    -99    -99    -99    -99    -99    -99    -99    -99    -99    -99    -99    -99    -99    -99    -99    -99    -99    -99    7910   15972   29225     -99   1.4   3.0 198.3 -99.0   2.7 -99.0  5281 11660  5281 11660 0.614 0.578   -99   -99   -99   -99   -99   -99   -99   -99   -99   -99
  12 UYMO1801CS     5  0 CS     8   -99    137    -99    -99    -99    -99    -99    -99    -99    -99    -99    -99    -99    -99    -99    -99    -99    -99    -99    -99    -99    -99    -99    -99    -99    -99    -99    -99    -99    -99    -99    -99    -99    7910    8618   29225     -99   1.4   3.0 198.3 -99.0   2.7 -99.0  5281  8212  5281  8212 0.614 0.512   -99   -99   -99   -99   -99   -99   -99   -99   -99   -99
  13 UYMO1901CS     5  0 CS     8   -99    137    -99    -99    -99    -99    -99    -99    -99    -99    -99    -99    -99    -99    -99    -99    -99    -99    -99    -99    -99    -99    -99    -99    -99    -99    -99    -99    -99    -99    -99    -99    -99    7910    6059   29225     -99   1.4   3.0 198.3 -99.0   2.7 -99.0  5281  6891  5281  6891 0.614 0.468   -99   -99   -99   -99   -99   -99   -99   -99   -99   -99
  14 UYON1801CS     5  0 CS     8   -99    137    -99    -99    -99    -99    -99    -99    -99    -99    -99    -99    -99    -99    -99    -99    -99    -99    -99    -99    -99    -99    -99    -99    -99    -99    -99    -99    -99    -99    -99    -99    -99    7910    6076   29225     -99   1.4   3.0 198.3 -99.0   2.7 -99.0  5281  3993  5281  3993 0.614 0.603   -99   -99   -99   -99   -99   -99   -99   -99   -99   -99
  15 UYON1901CS     5  0 CS     8   -99    137    -99    -99    -99    -99    -99    -99    -99    -99    -99    -99    -99    -99    -99    -99    -99    -99    -99    -99    -99    -99    -99    -99    -99    -99    -99    -99    -99    -99    -99    -99    -99    7910     -99   29225     -99   1.4   3.0 198.3 -99.0   2.7 -99.0  5281  1906  5281  1906 0.614   -99   -99   -99   -99   -99   -99   -99   -99   -99   -99   -99
  16 UYOT1801CS     5  0 CS     8   -99    137    -99    -99    -99    -99    -99    -99    -99    -99    -99    -99    -99    -99    -99    -99    -99    -99    -99    -99    -99    -99    -99    -99    -99    -99    -99    -99    -99    -99    -99    -99    -99    7910   11804   29225     -99   1.4   3.0 198.3 -99.0   2.7 -99.0  5281  8990  5281  8990 0.614 0.568   -99   -99   -99   -99   -99   -99   -99   -99   -99   -99
  17 UYUB1901CS     5  0 CS     8   -99    137    -99    -99    -99    -99    -99    -99    -99    -99    -99    -99    -99    -99    -99    -99    -99    -99    -99    -99    -99    -99    -99    -99    -99    -99    -99    -99    -99    -99    -99    -99    -99    7910    7827   29225     -99   1.4   3.0 198.3 -99.0   2.7 -99.0  5281  4651  5281  4651 0.614 0.627   -99   -99   -99   -99   -99   -99   -99   -99   -99   -99
  18 UYUM1801CS     5  0 CS     8   -99    137    -99    -99    -99    -99    -99    -99    -99    -99    -99    -99    -99    -99    -99    -99    -99    -99    -99    -99    -99    -99    -99    -99    -99    -99    -99    -99    -99    -99    -99    -99    -99    7910   10559   29225     -99   1.4   3.0 198.3 -99.0   2.7 -99.0  5281  5867  5281  5867 0.614 0.643   -99   -99   -99   -99   -99   -99   -99   -99   -99   -99
  19 UYZA1901CS     5  0 CS     8   -99    137    -99    -99    -99    -99    -99    -99    -99    -99    -99    -99    -99    -99    -99    -99    -99    -99    -99    -99    -99    -99    -99    -99    -99    -99    -99    -99    -99    -99    -99    -99    -99    7910    5084   29225     -99   1.4   3.0 198.3 -99.0   2.7 -99.0  5281  4651  5281  4651 0.614 0.522   -99   -99   -99   -99   -99   -99   -99   -99   -99   -99
   1 UYAB1901CS     5  0 CS     8   -99     70    -99    140    -99    -99    -99    -99    -99    -99    -99    -99    -99    -99    -99    -99    -99    -99    -99    -99    -99    -99    -99    -99    -99    -99    -99    -99    -99    -99    -99    -99    -99   10179    8916   37424     -99   2.1   3.0 195.8 -99.0   7.3 -99.0  8052  4370  8052  4370 0.572 0.671   -99   -99   -99   -99   -99   -99   -99   -99   -99   -99
   2 UYAG1701CS     5  0 CS     8   -99     70    -99    140    -99    -99    -99    -99    -99    -99    -99    -99    -99    -99    -99    -99    -99    -99    -99    -99    -99    -99    -99    -99    -99    -99    -99    -99    -99    -99    -99    -99    -99   10179   10763   37424     -99   2.1   3.0 195.8 -99.0   7.3 -99.0  8052 10451  8052 10451 0.572 0.507   -99   -99   -99   -99   -99   -99   -99   -99   -99   -99
   3 UYAG1801CS     5  0 CS     8   -99     70    -99    140    -99    -99    -99    -99    -99    -99    -99    -99    -99    -99    -99    -99    -99    -99    -99    -99    -99    -99    -99    -99    -99    -99    -99    -99    -99    -99    -99    -99    -99   10179    8603   37424     -99   2.1   3.0 195.8 -99.0   7.3 -99.0  8052  8941  8052  8941 0.572 0.490   -99   -99   -99   -99   -99   -99   -99   -99   -99   -99
   4 UYAG1901CS     5  0 CS     8   -99     70    -99    140    -99    -99    -99    -99    -99    -99    -99    -99    -99    -99    -99    -99    -99    -99    -99    -99    -99    -99    -99    -99    -99    -99    -99    -99    -99    -99    -99    -99    -99   10179   12410   37424     -99   2.1   3.0 195.8 -99.0   7.3 -99.0  8052 14292  8052 14292 0.572 0.465   -99   -99   -99   -99   -99   -99   -99   -99   -99   -99
   5 UYIB1801CS     5  0 CS     8   -99     70    -99    140    -99    -99    -99    -99    -99    -99    -99    -99    -99    -99    -99    -99    -99    -99    -99    -99    -99    -99    -99    -99    -99    -99    -99    -99    -99    -99    -99    -99    -99   10179    9208   37424     -99   2.1   3.0 195.8 -99.0   7.3 -99.0  8052  7983  8052  7983 0.572 0.536   -99   -99   -99   -99   -99   -99   -99   -99   -99   -99
   6 UYIB1901CS     5  0 CS     8   -99     70    -99    140    -99    -99    -99    -99    -99    -99    -99    -99    -99    -99    -99    -99    -99    -99    -99    -99    -99    -99    -99    -99    -99    -99    -99    -99    -99    -99    -99    -99    -99   10179    8395   37424     -99   2.1   3.0 195.8 -99.0   7.3 -99.0  8052  8286  8052  8286 0.572 0.503   -99   -99   -99   -99   -99   -99   -99   -99   -99   -99
   7 UYIK1701CS     5  0 CS     8   -99     70    -99    140    -99    -99    -99    -99    -99    -99    -99    -99    -99    -99    -99    -99    -99    -99    -99    -99    -99    -99    -99    -99    -99    -99    -99    -99    -99    -99    -99    -99    -99   10179    9350   37424     -99   2.1   3.0 195.8 -99.0   7.3 -99.0  8052  7292  8052  7292 0.572 0.562   -99   -99   -99   -99   -99   -99   -99   -99   -99   -99
   8 UYIK1801CS     5  0 CS     8   -99     70    -99    140    -99    -99    -99    -99    -99    -99    -99    -99    -99    -99    -99    -99    -99    -99    -99    -99    -99    -99    -99    -99    -99    -99    -99    -99    -99    -99    -99    -99    -99   10179    5861   37424     -99   2.1   3.0 195.8 -99.0   7.3 -99.0  8052  6684  8052  6684 0.572 0.467   -99   -99   -99   -99   -99   -99   -99   -99   -99   -99
   9 UYIK1901CS     5  0 CS     8   -99     70    -99    140    -99    -99    -99    -99    -99    -99    -99    -99    -99    -99    -99    -99    -99    -99    -99    -99    -99    -99    -99    -99    -99    -99    -99    -99    -99    -99    -99    -99    -99   10179   14040   37424     -99   2.1   3.0 195.8 -99.0   7.3 -99.0  8052 15729  8052 15729 0.572 0.472   -99   -99   -99   -99   -99   -99   -99   -99   -99   -99
  10 UYKA1801CS     5  0 CS     8   -99     70    -99    140    -99    -99    -99    -99    -99    -99    -99    -99    -99    -99    -99    -99    -99    -99    -99    -99    -99    -99    -99    -99    -99    -99    -99    -99    -99    -99    -99    -99    -99   10179    5941   37424     -99   2.1   3.0 195.8 -99.0   7.3 -99.0  8052  7500  8052  7500 0.572 0.442   -99   -99   -99   -99   -99   -99   -99   -99   -99   -99
  11 UYMO1701CS     5  0 CS     8   -99     70    -99    140    -99    -99    -99    -99    -99    -99    -99    -99    -99    -99    -99    -99    -99    -99    -99    -99    -99    -99    -99    -99    -99    -99    -99    -99    -99    -99    -99    -99    -99   10179   15972   37424     -99   2.1   3.0 195.8 -99.0   7.3 -99.0  8052 11660  8052 11660 0.572 0.578   -99   -99   -99   -99   -99   -99   -99   -99   -99   -99
  12 UYMO1801CS     5  0 CS     8   -99     70    -99    140    -99    -99    -99    -99    -99    -99    -99    -99    -99    -99    -99    -99    -99    -99    -99    -99    -99    -99    -99    -99    -99    -99    -99    -99    -99    -99    -99    -99    -99   10179    8618   37424     -99   2.1   3.0 195.8 -99.0   7.3 -99.0  8052  8212  8052  8212 0.572 0.512   -99   -99   -99   -99   -99   -99   -99   -99   -99   -99
  13 UYMO1901CS     5  0 CS     8   -99     70    -99    140    -99    -99    -99    -99    -99    -99    -99    -99    -99    -99    -99    -99    -99    -99    -99    -99    -99    -99    -99    -99    -99    -99    -99    -99    -99    -99    -99    -99    -99   10179    6059   37424     -99   2.1   3.0 195.8 -99.0   7.3 -99.0  8052  6891  8052  6891 0.572 0.468   -99   -99   -99   -99   -99   -99   -99   -99   -99   -99
  14 UYON1801CS     5  0 CS     8   -99     70    -99    140    -99    -99    -99    -99    -99    -99    -99    -99    -99    -99    -99    -99    -99    -99    -99    -99    -99    -99    -99    -99    -99    -99    -99    -99    -99    -99    -99    -99    -99   10179    6076   37424     -99   2.1   3.0 195.8 -99.0   7.3 -99.0  8052  3993  8052  3993 0.572 0.603   -99   -99   -99   -99   -99   -99   -99   -99   -99   -99
  15 UYON1901CS     5  0 CS     8   -99     70    -99    140    -99    -99    -99    -99    -99    -99    -99    -99    -99    -99    -99    -99    -99    -99    -99    -99    -99    -99    -99    -99    -99    -99    -99    -99    -99    -99    -99    -99    -99   10179     -99   37424     -99   2.1   3.0 195.8 -99.0   7.3 -99.0  8052  1906  8052  1906 0.572   -99   -99   -99   -99   -99   -99   -99   -99   -99   -99   -99
  16 UYOT1801CS     5  0 CS     8   -99     70    -99    140    -99    -99    -99    -99    -99    -99    -99    -99    -99    -99    -99    -99    -99    -99    -99    -99    -99    -99    -99    -99    -99    -99    -99    -99    -99    -99    -99    -99    -99   10179   11804   37424     -99   2.1   3.0 195.8 -99.0   7.3 -99.0  8052  8990  8052  8990 0.572 0.568   -99   -99   -99   -99   -99   -99   -99   -99   -99   -99
  17 UYUB1901CS     5  0 CS     8   -99     70    -99    140    -99    -99    -99    -99    -99    -99    -99    -99    -99    -99    -99    -99    -99    -99    -99    -99    -99    -99    -99    -99    -99    -99    -99    -99    -99    -99    -99    -99    -99   10179    7827   37424     -99   2.1   3.0 195.8 -99.0   7.3 -99.0  8052  4651  8052  4651 0.572 0.627   -99   -99   -99   -99   -99   -99   -99   -99   -99   -99
  18 UYUM1801CS     5  0 CS     8   -99     70    -99    140    -99    -99    -99    -99    -99    -99    -99    -99    -99    -99    -99    -99    -99    -99    -99    -99    -99    -99    -99    -99    -99    -99    -99    -99    -99    -99    -99    -99    -99   10179   10559   37424     -99   2.1   3.0 195.8 -99.0   7.3 -99.0  8052  5867  8052  5867 0.572 0.643   -99   -99   -99   -99   -99   -99   -99   -99   -99   -99
  19 UYZA1901CS     5  0 CS     8   -99     70    -99    140    -99    -99    -99    -99    -99    -99    -99    -99    -99    -99    -99    -99    -99    -99    -99    -99    -99    -99    -99    -99    -99    -99    -99    -99    -99    -99    -99    -99    -99   10179    5084   37424     -99   2.1   3.0 195.8 -99.0   7.3 -99.0  8052  4651  8052  4651 0.572 0.522   -99   -99   -99   -99   -99   -99   -99   -99   -99   -99
   1 UYAB1901CS     5  0 CS     8   -99    400    -99    -99    -99    -99    -99    -99    -99    -99    -99    -99    -99    -99    -99    -99    -99    -99    -99    -99    -99    -99    -99    -99    -99    -99    -99    -99    -99    -99    -99    -99    -99   13106    8916   45852     -99   1.8   3.0 364.4 -99.0   2.7 -99.0  5845  4370  5845  4370 0.721 0.671   -99   -99   -99   -99   -99   -99   -99   -99   -99   -99
   2 UYAG1701CS     5  0 CS     8   -99    400    -99    -99    -99    -99    -99    -99    -99    -99    -99    -99    -99    -99    -99    -99    -99    -99    -99    -99    -99    -99    -99    -99    -99    -99    -99    -99    -99    -99    -99    -99    -99   13106   10763   45852     -99   1.8   3.0 364.4 -99.0   2.7 -99.0  5845 10451  5845 10451 0.721 0.507   -99   -99   -99   -99   -99   -99   -99   -99   -99   -99
   3 UYAG1801CS     5  0 CS     8   -99    400    -99    -99    -99    -99    -99    -99    -99    -99    -99    -99    -99    -99    -99    -99    -99    -99    -99    -99    -99    -99    -99    -99    -99    -99    -99    -99    -99    -99    -99    -99    -99   13106    8603   45852     -99   1.8   3.0 364.4 -99.0   2.7 -99.0  5845  8941  5845  8941 0.721 0.490   -99   -99   -99   -99   -99   -99   -99   -99   -99   -99
   4 UYAG1901CS     5  0 CS     8   -99    400    -99    -99    -99    -99    -99    -99    -99    -99    -99    -99    -99    -99    -99    -99    -99    -99    -99    -99    -99    -99    -99    -99    -99    -99    -99    -99    -99    -99    -99    -99    -99   13106   12410   45852     -99   1.8   3.0 364.4 -99.0   2.7 -99.0  5845 14292  5845 14292 0.721 0.465   -99   -99   -99   -99   -99   -99   -99   -99   -99   -99
   5 UYIB1801CS     5  0 CS     8   -99    400    -99    -99    -99    -99    -99    -99    -99    -99    -99    -99    -99    -99    -99    -99    -99    -99    -99    -99    -99    -99    -99    -99    -99    -99    -99    -99    -99    -99    -99    -99    -99   13106    9208   45852     -99   1.8   3.0 364.4 -99.0   2.7 -99.0  5845  7983  5845  7983 0.721 0.536   -99   -99   -99   -99   -99   -99   -99   -99   -99   -99
   6 UYIB1901CS     5  0 CS     8   -99    400    -99    -99    -99    -99    -99    -99    -99    -99    -99    -99    -99    -99    -99    -99    -99    -99    -99    -99    -99    -99    -99    -99    -99    -99    -99    -99    -99    -99    -99    -99    -99   13106    8395   45852     -99   1.8   3.0 364.4 -99.0   2.7 -99.0  5845  8286  5845  8286 0.721 0.503   -99   -99   -99   -99   -99   -99   -99   -99   -99   -99
   7 UYIK1701CS     5  0 CS     8   -99    400    -99    -99    -99    -99    -99    -99    -99    -99    -99    -99    -99    -99    -99    -99    -99    -99    -99    -99    -99    -99    -99    -99    -99    -99    -99    -99    -99    -99    -99    -99    -99   13106    9350   45852     -99   1.8   3.0 364.4 -99.0   2.7 -99.0  5845  7292  5845  7292 0.721 0.562   -99   -99   -99   -99   -99   -99   -99   -99   -99   -99
   8 UYIK1801CS     5  0 CS     8   -99    400    -99    -99    -99    -99    -99    -99    -99    -99    -99    -99    -99    -99    -99    -99    -99    -99    -99    -99    -99    -99    -99    -99    -99    -99    -99    -99    -99    -99    -99    -99    -99   13106    5861   45852     -99   1.8   3.0 364.4 -99.0   2.7 -99.0  5845  6684  5845  6684 0.721 0.467   -99   -99   -99   -99   -99   -99   -99   -99   -99   -99
   9 UYIK1901CS     5  0 CS     8   -99    400    -99    -99    -99    -99    -99    -99    -99    -99    -99    -99    -99    -99    -99    -99    -99    -99    -99    -99    -99    -99    -99    -99    -99    -99    -99    -99    -99    -99    -99    -99    -99   13106   14040   45852     -99   1.8   3.0 364.4 -99.0   2.7 -99.0  5845 15729  5845 15729 0.721 0.472   -99   -99   -99   -99   -99   -99   -99   -99   -99   -99
  10 UYKA1801CS     5  0 CS     8   -99    400    -99    -99    -99    -99    -99    -99    -99    -99    -99    -99    -99    -99    -99    -99    -99    -99    -99    -99    -99    -99    -99    -99    -99    -99    -99    -99    -99    -99    -99    -99    -99   13106    5941   45852     -99   1.8   3.0 364.4 -99.0   2.7 -99.0  5845  7500  5845  7500 0.721 0.442   -99   -99   -99   -99   -99   -99   -99   -99   -99   -99
  11 UYMO1701CS     5  0 CS     8   -99    400    -99    -99    -99    -99    -99    -99    -99    -99    -99    -99    -99    -99    -99    -99    -99    -99    -99    -99    -99    -99    -99    -99    -99    -99    -99    -99    -99    -99    -99    -99    -99   13106   15972   45852     -99   1.8   3.0 364.4 -99.0   2.7 -99.0  5845 11660  5845 11660 0.721 0.578   -99   -99   -99   -99   -99   -99   -99   -99   -99   -99
  12 UYMO1801CS     5  0 CS     8   -99    400    -99    -99    -99    -99    -99    -99    -99    -99    -99    -99    -99    -99    -99    -99    -99    -99    -99    -99    -99    -99    -99    -99    -99    -99    -99    -99    -99    -99    -99    -99    -99   13106    8618   45852     -99   1.8   3.0 364.4 -99.0   2.7 -99.0  5845  8212  5845  8212 0.721 0.512   -99   -99   -99   -99   -99   -99   -99   -99   -99   -99
  13 UYMO1901CS     5  0 CS     8   -99    400    -99    -99    -99    -99    -99    -99    -99    -99    -99    -99    -99    -99    -99    -99    -99    -99    -99    -99    -99    -99    -99    -99    -99    -99    -99    -99    -99    -99    -99    -99    -99   13106    6059   45852     -99   1.8   3.0 364.4 -99.0   2.7 -99.0  5845  6891  5845  6891 0.721 0.468   -99   -99   -99   -99   -99   -99   -99   -99   -99   -99
  14 UYON1801CS     5  0 CS     8   -99    400    -99    -99    -99    -99    -99    -99    -99    -99    -99    -99    -99    -99    -99    -99    -99    -99    -99    -99    -99    -99    -99    -99    -99    -99    -99    -99    -99    -99    -99    -99    -99   13106    6076   45852     -99   1.8   3.0 364.4 -99.0   2.7 -99.0  5845  3993  5845  3993 0.721 0.603   -99   -99   -99   -99   -99   -99   -99   -99   -99   -99
  15 UYON1901CS     5  0 CS     8   -99    400    -99    -99    -99    -99    -99    -99    -99    -99    -99    -99    -99    -99    -99    -99    -99    -99    -99    -99    -99    -99    -99    -99    -99    -99    -99    -99    -99    -99    -99    -99    -99   13106     -99   45852     -99   1.8   3.0 364.4 -99.0   2.7 -99.0  5845  1906  5845  1906 0.721   -99   -99   -99   -99   -99   -99   -99   -99   -99   -99   -99
  16 UYOT1801CS     5  0 CS     8   -99    400    -99    -99    -99    -99    -99    -99    -99    -99    -99    -99    -99    -99    -99    -99    -99    -99    -99    -99    -99    -99    -99    -99    -99    -99    -99    -99    -99    -99    -99    -99    -99   13106   11804   45852     -99   1.8   3.0 364.4 -99.0   2.7 -99.0  5845  8990  5845  8990 0.721 0.568   -99   -99   -99   -99   -99   -99   -99   -99   -99   -99
  17 UYUB1901CS     5  0 CS     8   -99    400    -99    -99    -99    -99    -99    -99    -99    -99    -99    -99    -99    -99    -99    -99    -99    -99    -99    -99    -99    -99    -99    -99    -99    -99    -99    -99    -99    -99    -99    -99    -99   13106    7827   45852     -99   1.8   3.0 364.4 -99.0   2.7 -99.0  5845  4651  5845  4651 0.721 0.627   -99   -99   -99   -99   -99   -99   -99   -99   -99   -99
  18 UYUM1801CS     5  0 CS     8   -99    400    -99    -99    -99    -99    -99    -99    -99    -99    -99    -99    -99    -99    -99    -99    -99    -99    -99    -99    -99    -99    -99    -99    -99    -99    -99    -99    -99    -99    -99    -99    -99   13106   10559   45852     -99   1.8   3.0 364.4 -99.0   2.7 -99.0  5845  5867  5845  5867 0.721 0.643   -99   -99   -99   -99   -99   -99   -99   -99   -99   -99
  19 UYZA1901CS     5  0 CS     8   -99    400    -99    -99    -99    -99    -99    -99    -99    -99    -99    -99    -99    -99    -99    -99    -99    -99    -99    -99    -99    -99    -99    -99    -99    -99    -99    -99    -99    -99    -99    -99    -99   13106    5084   45852     -99   1.8   3.0 364.4 -99.0   2.7 -99.0  5845  4651  5845  4651 0.721 0.522   -99   -99   -99   -99   -99   -99   -99   -99   -99   -99
   1 UYAB1901CS     5  0 CS     8   -99    307    -99    -99    -99    -99    -99    -99    -99    -99    -99    -99    -99    -99    -99    -99    -99    -99    -99    -99    -99    -99    -99    -99    -99    -99    -99    -99    -99    -99    -99    -99    -99    7423    8916   28821     -99   1.4   3.0 201.1 -99.0   2.7 -99.0  4972  4370  4972  4370 0.612 0.671   -99   -99   -99   -99   -99   -99   -99   -99   -99   -99
   2 UYAG1701CS     5  0 CS     8   -99    307    -99    -99    -99    -99    -99    -99    -99    -99    -99    -99    -99    -99    -99    -99    -99    -99    -99    -99    -99    -99    -99    -99    -99    -99    -99    -99    -99    -99    -99    -99    -99    7423   10763   28821     -99   1.4   3.0 201.1 -99.0   2.7 -99.0  4972 10451  4972 10451 0.612 0.507   -99   -99   -99   -99   -99   -99   -99   -99   -99   -99
   3 UYAG1801CS     5  0 CS     8   -99    307    -99    -99    -99    -99    -99    -99    -99    -99    -99    -99    -99    -99    -99    -99    -99    -99    -99    -99    -99    -99    -99    -99    -99    -99    -99    -99    -99    -99    -99    -99    -99    7423    8603   28821     -99   1.4   3.0 201.1 -99.0   2.7 -99.0  4972  8941  4972  8941 0.612 0.490   -99   -99   -99   -99   -99   -99   -99   -99   -99   -99
   4 UYAG1901CS     5  0 CS     8   -99    307    -99    -99    -99    -99    -99    -99    -99    -99    -99    -99    -99    -99    -99    -99    -99    -99    -99    -99    -99    -99    -99    -99    -99    -99    -99    -99    -99    -99    -99    -99    -99    7423   12410   28821     -99   1.4   3.0 201.1 -99.0   2.7 -99.0  4972 14292  4972 14292 0.612 0.465   -99   -99   -99   -99   -99   -99   -99   -99   -99   -99
   5 UYIB1801CS     5  0 CS     8   -99    307    -99    -99    -99    -99    -99    -99    -99    -99    -99    -99    -99    -99    -99    -99    -99    -99    -99    -99    -99    -99    -99    -99    -99    -99    -99    -99    -99    -99    -99    -99    -99    7423    9208   28821     -99   1.4   3.0 201.1 -99.0   2.7 -99.0  4972  7983  4972  7983 0.612 0.536   -99   -99   -99   -99   -99   -99   -99   -99   -99   -99
   6 UYIB1901CS     5  0 CS     8   -99    307    -99    -99    -99    -99    -99    -99    -99    -99    -99    -99    -99    -99    -99    -99    -99    -99    -99    -99    -99    -99    -99    -99    -99    -99    -99    -99    -99    -99    -99    -99    -99    7423    8395   28821     -99   1.4   3.0 201.1 -99.0   2.7 -99.0  4972  8286  4972  8286 0.612 0.503   -99   -99   -99   -99   -99   -99   -99   -99   -99   -99
   7 UYIK1701CS     5  0 CS     8   -99    307    -99    -99    -99    -99    -99    -99    -99    -99    -99    -99    -99    -99    -99    -99    -99    -99    -99    -99    -99    -99    -99    -99    -99    -99    -99    -99    -99    -99    -99    -99    -99    7423    9350   28821     -99   1.4   3.0 201.1 -99.0   2.7 -99.0  4972  7292  4972  7292 0.612 0.562   -99   -99   -99   -99   -99   -99   -99   -99   -99   -99
   8 UYIK1801CS     5  0 CS     8   -99    307    -99    -99    -99    -99    -99    -99    -99    -99    -99    -99    -99    -99    -99    -99    -99    -99    -99    -99    -99    -99    -99    -99    -99    -99    -99    -99    -99    -99    -99    -99    -99    7423    5861   28821     -99   1.4   3.0 201.1 -99.0   2.7 -99.0  4972  6684  4972  6684 0.612 0.467   -99   -99   -99   -99   -99   -99   -99   -99   -99   -99
   9 UYIK1901CS     5  0 CS     8   -99    307    -99    -99    -99    -99    -99    -99    -99    -99    -99    -99    -99    -99    -99    -99    -99    -99    -99    -99    -99    -99    -99    -99    -99    -99    -99    -99    -99    -99    -99    -99    -99    7423   14040   28821     -99   1.4   3.0 201.1 -99.0   2.7 -99.0  4972 15729  4972 15729 0.612 0.472   -99   -99   -99   -99   -99   -99   -99   -99   -99   -99
  10 UYKA1801CS     5  0 CS     8   -99    307    -99    -99    -99    -99    -99    -99    -99    -99    -99    -99    -99    -99    -99    -99    -99    -99    -99    -99    -99    -99    -99    -99    -99    -99    -99    -99    -99    -99    -99    -99    -99    7423    5941   28821     -99   1.4   3.0 201.1 -99.0   2.7 -99.0  4972  7500  4972  7500 0.612 0.442   -99   -99   -99   -99   -99   -99   -99   -99   -99   -99
  11 UYMO1701CS     5  0 CS     8   -99    307    -99    -99    -99    -99    -99    -99    -99    -99    -99    -99    -99    -99    -99    -99    -99    -99    -99    -99    -99    -99    -99    -99    -99    -99    -99    -99    -99    -99    -99    -99    -99    7423   15972   28821     -99   1.4   3.0 201.1 -99.0   2.7 -99.0  4972 11660  4972 11660 0.612 0.578   -99   -99   -99   -99   -99   -99   -99   -99   -99   -99
  12 UYMO1801CS     5  0 CS     8   -99    307    -99    -99    -99    -99    -99    -99    -99    -99    -99    -99    -99    -99    -99    -99    -99    -99    -99    -99    -99    -99    -99    -99    -99    -99    -99    -99    -99    -99    -99    -99    -99    7423    8618   28821     -99   1.4   3.0 201.1 -99.0   2.7 -99.0  4972  8212  4972  8212 0.612 0.512   -99   -99   -99   -99   -99   -99   -99   -99   -99   -99
  13 UYMO1901CS     5  0 CS     8   -99    307    -99    -99    -99    -99    -99    -99    -99    -99    -99    -99    -99    -99    -99    -99    -99    -99    -99    -99    -99    -99    -99    -99    -99    -99    -99    -99    -99    -99    -99    -99    -99    7423    6059   28821     -99   1.4   3.0 201.1 -99.0   2.7 -99.0  4972  6891  4972  6891 0.612 0.468   -99   -99   -99   -99   -99   -99   -99   -99   -99   -99
  14 UYON1801CS     5  0 CS     8   -99    307    -99    -99    -99    -99    -99    -99    -99    -99    -99    -99    -99    -99    -99    -99    -99    -99    -99    -99    -99    -99    -99    -99    -99    -99    -99    -99    -99    -99    -99    -99    -99    7423    6076   28821     -99   1.4   3.0 201.1 -99.0   2.7 -99.0  4972  3993  4972  3993 0.612 0.603   -99   -99   -99   -99   -99   -99   -99   -99   -99   -99
  15 UYON1901CS     5  0 CS     8   -99    307    -99    -99    -99    -99    -99    -99    -99    -99    -99    -99    -99    -99    -99    -99    -99    -99    -99    -99    -99    -99    -99    -99    -99    -99    -99    -99    -99    -99    -99    -99    -99    7423     -99   28821     -99   1.4   3.0 201.1 -99.0   2.7 -99.0  4972  1906  4972  1906 0.612   -99   -99   -99   -99   -99   -99   -99   -99   -99   -99   -99
  16 UYOT1801CS     5  0 CS     8   -99    307    -99    -99    -99    -99    -99    -99    -99    -99    -99    -99    -99    -99    -99    -99    -99    -99    -99    -99    -99    -99    -99    -99    -99    -99    -99    -99    -99    -99    -99    -99    -99    7423   11804   28821     -99   1.4   3.0 201.1 -99.0   2.7 -99.0  4972  8990  4972  8990 0.612 0.568   -99   -99   -99   -99   -99   -99   -99   -99   -99   -99
  17 UYUB1901CS     5  0 CS     8   -99    307    -99    -99    -99    -99    -99    -99    -99    -99    -99    -99    -99    -99    -99    -99    -99    -99    -99    -99    -99    -99    -99    -99    -99    -99    -99    -99    -99    -99    -99    -99    -99    7423    7827   28821     -99   1.4   3.0 201.1 -99.0   2.7 -99.0  4972  4651  4972  4651 0.612 0.627   -99   -99   -99   -99   -99   -99   -99   -99   -99   -99
  18 UYUM1801CS     5  0 CS     8   -99    307    -99    -99    -99    -99    -99    -99    -99    -99    -99    -99    -99    -99    -99    -99    -99    -99    -99    -99    -99    -99    -99    -99    -99    -99    -99    -99    -99    -99    -99    -99    -99    7423   10559   28821     -99   1.4   3.0 201.1 -99.0   2.7 -99.0  4972  5867  4972  5867 0.612 0.643   -99   -99   -99   -99   -99   -99   -99   -99   -99   -99
  19 UYZA1901CS     5  0 CS     8   -99    307    -99    -99    -99    -99    -99    -99    -99    -99    -99    -99    -99    -99    -99    -99    -99    -99    -99    -99    -99    -99    -99    -99    -99    -99    -99    -99    -99    -99    -99    -99    -99    7423    5084   28821     -99   1.4   3.0 201.1 -99.0   2.7 -99.0  4972  4651  4972  4651 0.612 0.522   -99   -99   -99   -99   -99   -99   -99   -99   -99   -99
   1 UYAB1901CS     5  0 CS     8   -99    -99    -99    -99    -99    -99    -99    -99    -99    -99    -99    -99    -99    -99    -99    -99    -99    -99    -99    -99    -99    -99    -99    -99    -99    -99    -99    -99    -99    -99    -99    -99    -99   13117    8916   45890     -99   1.8   3.0 364.4 -99.0   1.0 -99.0  5835  4370  5835  4370 0.722 0.671   -99   -99   -99   -99   -99   -99   -99   -99   -99   -99
   2 UYAG1701CS     5  0 CS     8   -99    -99    -99    -99    -99    -99    -99    -99    -99    -99    -99    -99    -99    -99    -99    -99    -99    -99    -99    -99    -99    -99    -99    -99    -99    -99    -99    -99    -99    -99    -99    -99    -99   13117   10763   45890     -99   1.8   3.0 364.4 -99.0   1.0 -99.0  5835 10451  5835 10451 0.722 0.507   -99   -99   -99   -99   -99   -99   -99   -99   -99   -99
   3 UYAG1801CS     5  0 CS     8   -99    -99    -99    -99    -99    -99    -99    -99    -99    -99    -99    -99    -99    -99    -99    -99    -99    -99    -99    -99    -99    -99    -99    -99    -99    -99    -99    -99    -99    -99    -99    -99    -99   13117    8603   45890     -99   1.8   3.0 364.4 -99.0   1.0 -99.0  5835  8941  5835  8941 0.722 0.490   -99   -99   -99   -99   -99   -99   -99   -99   -99   -99
   4 UYAG1901CS     5  0 CS     8   -99    -99    -99    -99    -99    -99    -99    -99    -99    -99    -99    -99    -99    -99    -99    -99    -99    -99    -99    -99    -99    -99    -99    -99    -99    -99    -99    -99    -99    -99    -99    -99    -99   13117   12410   45890     -99   1.8   3.0 364.4 -99.0   1.0 -99.0  5835 14292  5835 14292 0.722 0.465   -99   -99   -99   -99   -99   -99   -99   -99   -99   -99
   5 UYIB1801CS     5  0 CS     8   -99    -99    -99    -99    -99    -99    -99    -99    -99    -99    -99    -99    -99    -99    -99    -99    -99    -99    -99    -99    -99    -99    -99    -99    -99    -99    -99    -99    -99    -99    -99    -99    -99   13117    9208   45890     -99   1.8   3.0 364.4 -99.0   1.0 -99.0  5835  7983  5835  7983 0.722 0.536   -99   -99   -99   -99   -99   -99   -99   -99   -99   -99
   6 UYIB1901CS     5  0 CS     8   -99    -99    -99    -99    -99    -99    -99    -99    -99    -99    -99    -99    -99    -99    -99    -99    -99    -99    -99    -99    -99    -99    -99    -99    -99    -99    -99    -99    -99    -99    -99    -99    -99   13117    8395   45890     -99   1.8   3.0 364.4 -99.0   1.0 -99.0  5835  8286  5835  8286 0.722 0.503   -99   -99   -99   -99   -99   -99   -99   -99   -99   -99
   7 UYIK1701CS     5  0 CS     8   -99    -99    -99    -99    -99    -99    -99    -99    -99    -99    -99    -99    -99    -99    -99    -99    -99    -99    -99    -99    -99    -99    -99    -99    -99    -99    -99    -99    -99    -99    -99    -99    -99   13117    9350   45890     -99   1.8   3.0 364.4 -99.0   1.0 -99.0  5835  7292  5835  7292 0.722 0.562   -99   -99   -99   -99   -99   -99   -99   -99   -99   -99
   8 UYIK1801CS     5  0 CS     8   -99    -99    -99    -99    -99    -99    -99    -99    -99    -99    -99    -99    -99    -99    -99    -99    -99    -99    -99    -99    -99    -99    -99    -99    -99    -99    -99    -99    -99    -99    -99    -99    -99   13117    5861   45890     -99   1.8   3.0 364.4 -99.0   1.0 -99.0  5835  6684  5835  6684 0.722 0.467   -99   -99   -99   -99   -99   -99   -99   -99   -99   -99
   9 UYIK1901CS     5  0 CS     8   -99    -99    -99    -99    -99    -99    -99    -99    -99    -99    -99    -99    -99    -99    -99    -99    -99    -99    -99    -99    -99    -99    -99    -99    -99    -99    -99    -99    -99    -99    -99    -99    -99   13117   14040   45890     -99   1.8   3.0 364.4 -99.0   1.0 -99.0  5835 15729  5835 15729 0.722 0.472   -99   -99   -99   -99   -99   -99   -99   -99   -99   -99
  10 UYKA1801CS     5  0 CS     8   -99    -99    -99    -99    -99    -99    -99    -99    -99    -99    -99    -99    -99    -99    -99    -99    -99    -99    -99    -99    -99    -99    -99    -99    -99    -99    -99    -99    -99    -99    -99    -99    -99   13117    5941   45890     -99   1.8   3.0 364.4 -99.0   1.0 -99.0  5835  7500  5835  7500 0.722 0.442   -99   -99   -99   -99   -99   -99   -99   -99   -99   -99
  11 UYMO1701CS     5  0 CS     8   -99    -99    -99    -99    -99    -99    -99    -99    -99    -99    -99    -99    -99    -99    -99    -99    -99    -99    -99    -99    -99    -99    -99    -99    -99    -99    -99    -99    -99    -99    -99    -99    -99   13117   15972   45890     -99   1.8   3.0 364.4 -99.0   1.0 -99.0  5835 11660  5835 11660 0.722 0.578   -99   -99   -99   -99   -99   -99   -99   -99   -99   -99
  12 UYMO1801CS     5  0 CS     8   -99    -99    -99    -99    -99    -99    -99    -99    -99    -99    -99    -99    -99    -99    -99    -99    -99    -99    -99    -99    -99    -99    -99    -99    -99    -99    -99    -99    -99    -99    -99    -99    -99   13117    8618   45890     -99   1.8   3.0 364.4 -99.0   1.0 -99.0  5835  8212  5835  8212 0.722 0.512   -99   -99   -99   -99   -99   -99   -99   -99   -99   -99
  13 UYMO1901CS     5  0 CS     8   -99    -99    -99    -99    -99    -99    -99    -99    -99    -99    -99    -99    -99    -99    -99    -99    -99    -99    -99    -99    -99    -99    -99    -99    -99    -99    -99    -99    -99    -99    -99    -99    -99   13117    6059   45890     -99   1.8   3.0 364.4 -99.0   1.0 -99.0  5835  6891  5835  6891 0.722 0.468   -99   -99   -99   -99   -99   -99   -99   -99   -99   -99
  14 UYON1801CS     5  0 CS     8   -99    -99    -99    -99    -99    -99    -99    -99    -99    -99    -99    -99    -99    -99    -99    -99    -99    -99    -99    -99    -99    -99    -99    -99    -99    -99    -99    -99    -99    -99    -99    -99    -99   13117    6076   45890     -99   1.8   3.0 364.4 -99.0   1.0 -99.0  5835  3993  5835  3993 0.722 0.603   -99   -99   -99   -99   -99   -99   -99   -99   -99   -99
  15 UYON1901CS     5  0 CS     8   -99    -99    -99    -99    -99    -99    -99    -99    -99    -99    -99    -99    -99    -99    -99    -99    -99    -99    -99    -99    -99    -99    -99    -99    -99    -99    -99    -99    -99    -99    -99    -99    -99   13117     -99   45890     -99   1.8   3.0 364.4 -99.0   1.0 -99.0  5835  1906  5835  1906 0.722   -99   -99   -99   -99   -99   -99   -99   -99   -99   -99   -99
  16 UYOT1801CS     5  0 CS     8   -99    -99    -99    -99    -99    -99    -99    -99    -99    -99    -99    -99    -99    -99    -99    -99    -99    -99    -99    -99    -99    -99    -99    -99    -99    -99    -99    -99    -99    -99    -99    -99    -99   13117   11804   45890     -99   1.8   3.0 364.4 -99.0   1.0 -99.0  5835  8990  5835  8990 0.722 0.568   -99   -99   -99   -99   -99   -99   -99   -99   -99   -99
  17 UYUB1901CS     5  0 CS     8   -99    -99    -99    -99    -99    -99    -99    -99    -99    -99    -99    -99    -99    -99    -99    -99    -99    -99    -99    -99    -99    -99    -99    -99    -99    -99    -99    -99    -99    -99    -99    -99    -99   13117    7827   45890     -99   1.8   3.0 364.4 -99.0   1.0 -99.0  5835  4651  5835  4651 0.722 0.627   -99   -99   -99   -99   -99   -99   -99   -99   -99   -99
  18 UYUM1801CS     5  0 CS     8   -99    -99    -99    -99    -99    -99    -99    -99    -99    -99    -99    -99    -99    -99    -99    -99    -99    -99    -99    -99    -99    -99    -99    -99    -99    -99    -99    -99    -99    -99    -99    -99    -99   13117   10559   45890     -99   1.8   3.0 364.4 -99.0   1.0 -99.0  5835  5867  5835  5867 0.722 0.643   -99   -99   -99   -99   -99   -99   -99   -99   -99   -99
  19 UYZA1901CS     5  0 CS     8   -99    -99    -99    -99    -99    -99    -99    -99    -99    -99    -99    -99    -99    -99    -99    -99    -99    -99    -99    -99    -99    -99    -99    -99    -99    -99    -99    -99    -99    -99    -99    -99    -99   13117    5084   45890     -99   1.8   3.0 364.4 -99.0   1.0 -99.0  5835  4651  5835  4651 0.722 0.522   -99   -99   -99   -99   -99   -99   -99   -99   -99   -99
   1 UYAB1901CS     5  0 CS     8   -99     41    -99    321    -99    -99    -99    -99    -99    -99    -99    -99    -99    -99    -99    -99    -99    -99    -99    -99    -99    -99    -99    -99    -99    -99    -99    -99    -99    -99    -99    -99    -99    9782    8916   39892     -99   3.3   3.0 197.1 -99.0   7.3 -99.0  9149  4370  9149  4370 0.527 0.671   -99   -99   -99   -99   -99   -99   -99   -99   -99   -99
   2 UYAG1701CS     5  0 CS     8   -99     41    -99    321    -99    -99    -99    -99    -99    -99    -99    -99    -99    -99    -99    -99    -99    -99    -99    -99    -99    -99    -99    -99    -99    -99    -99    -99    -99    -99    -99    -99    -99    9782   10763   39892     -99   3.3   3.0 197.1 -99.0   7.3 -99.0  9149 10451  9149 10451 0.527 0.507   -99   -99   -99   -99   -99   -99   -99   -99   -99   -99
   3 UYAG1801CS     5  0 CS     8   -99     41    -99    321    -99    -99    -99    -99    -99    -99    -99    -99    -99    -99    -99    -99    -99    -99    -99    -99    -99    -99    -99    -99    -99    -99    -99    -99    -99    -99    -99    -99    -99    9782    8603   39892     -99   3.3   3.0 197.1 -99.0   7.3 -99.0  9149  8941  9149  8941 0.527 0.490   -99   -99   -99   -99   -99   -99   -99   -99   -99   -99
   4 UYAG1901CS     5  0 CS     8   -99     41    -99    321    -99    -99    -99    -99    -99    -99    -99    -99    -99    -99    -99    -99    -99    -99    -99    -99    -99    -99    -99    -99    -99    -99    -99    -99    -99    -99    -99    -99    -99    9782   12410   39892     -99   3.3   3.0 197.1 -99.0   7.3 -99.0  9149 14292  9149 14292 0.527 0.465   -99   -99   -99   -99   -99   -99   -99   -99   -99   -99
   5 UYIB1801CS     5  0 CS     8   -99     41    -99    321    -99    -99    -99    -99    -99    -99    -99    -99    -99    -99    -99    -99    -99    -99    -99    -99    -99    -99    -99    -99    -99    -99    -99    -99    -99    -99    -99    -99    -99    9782    9208   39892     -99   3.3   3.0 197.1 -99.0   7.3 -99.0  9149  7983  9149  7983 0.527 0.536   -99   -99   -99   -99   -99   -99   -99   -99   -99   -99
   6 UYIB1901CS     5  0 CS     8   -99     41    -99    321    -99    -99    -99    -99    -99    -99    -99    -99    -99    -99    -99    -99    -99    -99    -99    -99    -99    -99    -99    -99    -99    -99    -99    -99    -99    -99    -99    -99    -99    9782    8395   39892     -99   3.3   3.0 197.1 -99.0   7.3 -99.0  9149  8286  9149  8286 0.527 0.503   -99   -99   -99   -99   -99   -99   -99   -99   -99   -99
   7 UYIK1701CS     5  0 CS     8   -99     41    -99    321    -99    -99    -99    -99    -99    -99    -99    -99    -99    -99    -99    -99    -99    -99    -99    -99    -99    -99    -99    -99    -99    -99    -99    -99    -99    -99    -99    -99    -99    9782    9350   39892     -99   3.3   3.0 197.1 -99.0   7.3 -99.0  9149  7292  9149  7292 0.527 0.562   -99   -99   -99   -99   -99   -99   -99   -99   -99   -99
   8 UYIK1801CS     5  0 CS     8   -99     41    -99    321    -99    -99    -99    -99    -99    -99    -99    -99    -99    -99    -99    -99    -99    -99    -99    -99    -99    -99    -99    -99    -99    -99    -99    -99    -99    -99    -99    -99    -99    9782    5861   39892     -99   3.3   3.0 197.1 -99.0   7.3 -99.0  9149  6684  9149  6684 0.527 0.467   -99   -99   -99   -99   -99   -99   -99   -99   -99   -99
   9 UYIK1901CS     5  0 CS     8   -99     41    -99    321    -99    -99    -99    -99    -99    -99    -99    -99    -99    -99    -99    -99    -99    -99    -99    -99    -99    -99    -99    -99    -99    -99    -99    -99    -99    -99    -99    -99    -99    9782   14040   39892     -99   3.3   3.0 197.1 -99.0   7.3 -99.0  9149 15729  9149 15729 0.527 0.472   -99   -99   -99   -99   -99   -99   -99   -99   -99   -99
  10 UYKA1801CS     5  0 CS     8   -99     41    -99    321    -99    -99    -99    -99    -99    -99    -99    -99    -99    -99    -99    -99    -99    -99    -99    -99    -99    -99    -99    -99    -99    -99    -99    -99    -99    -99    -99    -99    -99    9782    5941   39892     -99   3.3   3.0 197.1 -99.0   7.3 -99.0  9149  7500  9149  7500 0.527 0.442   -99   -99   -99   -99   -99   -99   -99   -99   -99   -99
  11 UYMO1701CS     5  0 CS     8   -99     41    -99    321    -99    -99    -99    -99    -99    -99    -99    -99    -99    -99    -99    -99    -99    -99    -99    -99    -99    -99    -99    -99    -99    -99    -99    -99    -99    -99    -99    -99    -99    9782   15972   39892     -99   3.3   3.0 197.1 -99.0   7.3 -99.0  9149 11660  9149 11660 0.527 0.578   -99   -99   -99   -99   -99   -99   -99   -99   -99   -99
  12 UYMO1801CS     5  0 CS     8   -99     41    -99    321    -99    -99    -99    -99    -99    -99    -99    -99    -99    -99    -99    -99    -99    -99    -99    -99    -99    -99    -99    -99    -99    -99    -99    -99    -99    -99    -99    -99    -99    9782    8618   39892     -99   3.3   3.0 197.1 -99.0   7.3 -99.0  9149  8212  9149  8212 0.527 0.512   -99   -99   -99   -99   -99   -99   -99   -99   -99   -99
  13 UYMO1901CS     5  0 CS     8   -99     41    -99    321    -99    -99    -99    -99    -99    -99    -99    -99    -99    -99    -99    -99    -99    -99    -99    -99    -99    -99    -99    -99    -99    -99    -99    -99    -99    -99    -99    -99    -99    9782    6059   39892     -99   3.3   3.0 197.1 -99.0   7.3 -99.0  9149  6891  9149  6891 0.527 0.468   -99   -99   -99   -99   -99   -99   -99   -99   -99   -99
  14 UYON1801CS     5  0 CS     8   -99     41    -99    321    -99    -99    -99    -99    -99    -99    -99    -99    -99    -99    -99    -99    -99    -99    -99    -99    -99    -99    -99    -99    -99    -99    -99    -99    -99    -99    -99    -99    -99    9782    6076   39892     -99   3.3   3.0 197.1 -99.0   7.3 -99.0  9149  3993  9149  3993 0.527 0.603   -99   -99   -99   -99   -99   -99   -99   -99   -99   -99
  15 UYON1901CS     5  0 CS     8   -99     41    -99    321    -99    -99    -99    -99    -99    -99    -99    -99    -99    -99    -99    -99    -99    -99    -99    -99    -99    -99    -99    -99    -99    -99    -99    -99    -99    -99    -99    -99    -99    9782     -99   39892     -99   3.3   3.0 197.1 -99.0   7.3 -99.0  9149  1906  9149  1906 0.527   -99   -99   -99   -99   -99   -99   -99   -99   -99   -99   -99
  16 UYOT1801CS     5  0 CS     8   -99     41    -99    321    -99    -99    -99    -99    -99    -99    -99    -99    -99    -99    -99    -99    -99    -99    -99    -99    -99    -99    -99    -99    -99    -99    -99    -99    -99    -99    -99    -99    -99    9782   11804   39892     -99   3.3   3.0 197.1 -99.0   7.3 -99.0  9149  8990  9149  8990 0.527 0.568   -99   -99   -99   -99   -99   -99   -99   -99   -99   -99
  17 UYUB1901CS     5  0 CS     8   -99     41    -99    321    -99    -99    -99    -99    -99    -99    -99    -99    -99    -99    -99    -99    -99    -99    -99    -99    -99    -99    -99    -99    -99    -99    -99    -99    -99    -99    -99    -99    -99    9782    7827   39892     -99   3.3   3.0 197.1 -99.0   7.3 -99.0  9149  4651  9149  4651 0.527 0.627   -99   -99   -99   -99   -99   -99   -99   -99   -99   -99
  18 UYUM1801CS     5  0 CS     8   -99     41    -99    321    -99    -99    -99    -99    -99    -99    -99    -99    -99    -99    -99    -99    -99    -99    -99    -99    -99    -99    -99    -99    -99    -99    -99    -99    -99    -99    -99    -99    -99    9782   10559   39892     -99   3.3   3.0 197.1 -99.0   7.3 -99.0  9149  5867  9149  5867 0.527 0.643   -99   -99   -99   -99   -99   -99   -99   -99   -99   -99
  19 UYZA1901CS     5  0 CS     8   -99     41    -99    321    -99    -99    -99    -99    -99    -99    -99    -99    -99    -99    -99    -99    -99    -99    -99    -99    -99    -99    -99    -99    -99    -99    -99    -99    -99    -99    -99    -99    -99    9782    5084   39892     -99   3.3   3.0 197.1 -99.0   7.3 -99.0  9149  4651  9149  4651 0.527 0.522   -99   -99   -99   -99   -99   -99   -99   -99   -99   -99
   1 UYAB1901CS     5  0 CS     8   -99    369    -99    -99    -99    -99    -99    -99    -99    -99    -99    -99    -99    -99    -99    -99    -99    -99    -99    -99    -99    -99    -99    -99    -99    -99    -99    -99    -99    -99    -99    -99    -99   13334    8916   46608     -99   1.8   3.0 364.4 -99.0   2.7 -99.0  6143  4370  6143  4370 0.713 0.671   -99   -99   -99   -99   -99   -99   -99   -99   -99   -99
   2 UYAG1701CS     5  0 CS     8   -99    369    -99    -99    -99    -99    -99    -99    -99    -99    -99    -99    -99    -99    -99    -99    -99    -99    -99    -99    -99    -99    -99    -99    -99    -99    -99    -99    -99    -99    -99    -99    -99   13334   10763   46608     -99   1.8   3.0 364.4 -99.0   2.7 -99.0  6143 10451  6143 10451 0.713 0.507   -99   -99   -99   -99   -99   -99   -99   -99   -99   -99
   3 UYAG1801CS     5  0 CS     8   -99    369    -99    -99    -99    -99    -99    -99    -99    -99    -99    -99    -99    -99    -99    -99    -99    -99    -99    -99    -99    -99    -99    -99    -99    -99    -99    -99    -99    -99    -99    -99    -99   13334    8603   46608     -99   1.8   3.0 364.4 -99.0   2.7 -99.0  6143  8941  6143  8941 0.713 0.490   -99   -99   -99   -99   -99   -99   -99   -99   -99   -99
   4 UYAG1901CS     5  0 CS     8   -99    369    -99    -99    -99    -99    -99    -99    -99    -99    -99    -99    -99    -99    -99    -99    -99    -99    -99    -99    -99    -99    -99    -99    -99    -99    -99    -99    -99    -99    -99    -99    -99   13334   12410   46608     -99   1.8   3.0 364.4 -99.0   2.7 -99.0  6143 14292  6143 14292 0.713 0.465   -99   -99   -99   -99   -99   -99   -99   -99   -99   -99
   5 UYIB1801CS     5  0 CS     8   -99    369    -99    -99    -99    -99    -99    -99    -99    -99    -99    -99    -99    -99    -99    -99    -99    -99    -99    -99    -99    -99    -99    -99    -99    -99    -99    -99    -99    -99    -99    -99    -99   13334    9208   46608     -99   1.8   3.0 364.4 -99.0   2.7 -99.0  6143  7983  6143  7983 0.713 0.536   -99   -99   -99   -99   -99   -99   -99   -99   -99   -99
   6 UYIB1901CS     5  0 CS     8   -99    369    -99    -99    -99    -99    -99    -99    -99    -99    -99    -99    -99    -99    -99    -99    -99    -99    -99    -99    -99    -99    -99    -99    -99    -99    -99    -99    -99    -99    -99    -99    -99   13334    8395   46608     -99   1.8   3.0 364.4 -99.0   2.7 -99.0  6143  8286  6143  8286 0.713 0.503   -99   -99   -99   -99   -99   -99   -99   -99   -99   -99
   7 UYIK1701CS     5  0 CS     8   -99    369    -99    -99    -99    -99    -99    -99    -99    -99    -99    -99    -99    -99    -99    -99    -99    -99    -99    -99    -99    -99    -99    -99    -99    -99    -99    -99    -99    -99    -99    -99    -99   13334    9350   46608     -99   1.8   3.0 364.4 -99.0   2.7 -99.0  6143  7292  6143  7292 0.713 0.562   -99   -99   -99   -99   -99   -99   -99   -99   -99   -99
   8 UYIK1801CS     5  0 CS     8   -99    369    -99    -99    -99    -99    -99    -99    -99    -99    -99    -99    -99    -99    -99    -99    -99    -99    -99    -99    -99    -99    -99    -99    -99    -99    -99    -99    -99    -99    -99    -99    -99   13334    5861   46608     -99   1.8   3.0 364.4 -99.0   2.7 -99.0  6143  6684  6143  6684 0.713 0.467   -99   -99   -99   -99   -99   -99   -99   -99   -99   -99
   9 UYIK1901CS     5  0 CS     8   -99    369    -99    -99    -99    -99    -99    -99    -99    -99    -99    -99    -99    -99    -99    -99    -99    -99    -99    -99    -99    -99    -99    -99    -99    -99    -99    -99    -99    -99    -99    -99    -99   13334   14040   46608     -99   1.8   3.0 364.4 -99.0   2.7 -99.0  6143 15729  6143 15729 0.713 0.472   -99   -99   -99   -99   -99   -99   -99   -99   -99   -99
  10 UYKA1801CS     5  0 CS     8   -99    369    -99    -99    -99    -99    -99    -99    -99    -99    -99    -99    -99    -99    -99    -99    -99    -99    -99    -99    -99    -99    -99    -99    -99    -99    -99    -99    -99    -99    -99    -99    -99   13334    5941   46608     -99   1.8   3.0 364.4 -99.0   2.7 -99.0  6143  7500  6143  7500 0.713 0.442   -99   -99   -99   -99   -99   -99   -99   -99   -99   -99
  11 UYMO1701CS     5  0 CS     8   -99    369    -99    -99    -99    -99    -99    -99    -99    -99    -99    -99    -99    -99    -99    -99    -99    -99    -99    -99    -99    -99    -99    -99    -99    -99    -99    -99    -99    -99    -99    -99    -99   13334   15972   46608     -99   1.8   3.0 364.4 -99.0   2.7 -99.0  6143 11660  6143 11660 0.713 0.578   -99   -99   -99   -99   -99   -99   -99   -99   -99   -99
  12 UYMO1801CS     5  0 CS     8   -99    369    -99    -99    -99    -99    -99    -99    -99    -99    -99    -99    -99    -99    -99    -99    -99    -99    -99    -99    -99    -99    -99    -99    -99    -99    -99    -99    -99    -99    -99    -99    -99   13334    8618   46608     -99   1.8   3.0 364.4 -99.0   2.7 -99.0  6143  8212  6143  8212 0.713 0.512   -99   -99   -99   -99   -99   -99   -99   -99   -99   -99
  13 UYMO1901CS     5  0 CS     8   -99    369    -99    -99    -99    -99    -99    -99    -99    -99    -99    -99    -99    -99    -99    -99    -99    -99    -99    -99    -99    -99    -99    -99    -99    -99    -99    -99    -99    -99    -99    -99    -99   13334    6059   46608     -99   1.8   3.0 364.4 -99.0   2.7 -99.0  6143  6891  6143  6891 0.713 0.468   -99   -99   -99   -99   -99   -99   -99   -99   -99   -99
  14 UYON1801CS     5  0 CS     8   -99    369    -99    -99    -99    -99    -99    -99    -99    -99    -99    -99    -99    -99    -99    -99    -99    -99    -99    -99    -99    -99    -99    -99    -99    -99    -99    -99    -99    -99    -99    -99    -99   13334    6076   46608     -99   1.8   3.0 364.4 -99.0   2.7 -99.0  6143  3993  6143  3993 0.713 0.603   -99   -99   -99   -99   -99   -99   -99   -99   -99   -99
  15 UYON1901CS     5  0 CS     8   -99    369    -99    -99    -99    -99    -99    -99    -99    -99    -99    -99    -99    -99    -99    -99    -99    -99    -99    -99    -99    -99    -99    -99    -99    -99    -99    -99    -99    -99    -99    -99    -99   13334     -99   46608     -99   1.8   3.0 364.4 -99.0   2.7 -99.0  6143  1906  6143  1906 0.713   -99   -99   -99   -99   -99   -99   -99   -99   -99   -99   -99
  16 UYOT1801CS     5  0 CS     8   -99    369    -99    -99    -99    -99    -99    -99    -99    -99    -99    -99    -99    -99    -99    -99    -99    -99    -99    -99    -99    -99    -99    -99    -99    -99    -99    -99    -99    -99    -99    -99    -99   13334   11804   46608     -99   1.8   3.0 364.4 -99.0   2.7 -99.0  6143  8990  6143  8990 0.713 0.568   -99   -99   -99   -99   -99   -99   -99   -99   -99   -99
  17 UYUB1901CS     5  0 CS     8   -99    369    -99    -99    -99    -99    -99    -99    -99    -99    -99    -99    -99    -99    -99    -99    -99    -99    -99    -99    -99    -99    -99    -99    -99    -99    -99    -99    -99    -99    -99    -99    -99   13334    7827   46608     -99   1.8   3.0 364.4 -99.0   2.7 -99.0  6143  4651  6143  4651 0.713 0.627   -99   -99   -99   -99   -99   -99   -99   -99   -99   -99
  18 UYUM1801CS     5  0 CS     8   -99    369    -99    -99    -99    -99    -99    -99    -99    -99    -99    -99    -99    -99    -99    -99    -99    -99    -99    -99    -99    -99    -99    -99    -99    -99    -99    -99    -99    -99    -99    -99    -99   13334   10559   46608     -99   1.8   3.0 364.4 -99.0   2.7 -99.0  6143  5867  6143  5867 0.713 0.643   -99   -99   -99   -99   -99   -99   -99   -99   -99   -99
  19 UYZA1901CS     5  0 CS     8   -99    369    -99    -99    -99    -99    -99    -99    -99    -99    -99    -99    -99    -99    -99    -99    -99    -99    -99    -99    -99    -99    -99    -99    -99    -99    -99    -99    -99    -99    -99    -99    -99   13334    5084   46608     -99   1.8   3.0 364.4 -99.0   2.7 -99.0  6143  4651  6143  4651 0.713 0.522   -99   -99   -99   -99   -99   -99   -99   -99   -99   -99
   1 UYAB1901CS     5  0 CS     8   -99     36    -99    -99    -99    -99    -99    -99    -99    -99    -99    -99    -99    -99    -99    -99    -99    -99    -99    -99    -99    -99    -99    -99    -99    -99    -99    -99    -99    -99    -99    -99    -99    9207    8916   38534     -99   3.4   3.0 197.2 -99.0   2.7 -99.0  9323  4370  9323  4370 0.506 0.671   -99   -99   -99   -99   -99   -99   -99   -99   -99   -99
   2 UYAG1701CS     5  0 CS     8   -99     36    -99    -99    -99    -99    -99    -99    -99    -99    -99    -99    -99    -99    -99    -99    -99    -99    -99    -99    -99    -99    -99    -99    -99    -99    -99    -99    -99    -99    -99    -99    -99    9207   10763   38534     -99   3.4   3.0 197.2 -99.0   2.7 -99.0  9323 10451  9323 10451 0.506 0.507   -99   -99   -99   -99   -99   -99   -99   -99   -99   -99
   3 UYAG1801CS     5  0 CS     8   -99     36    -99    -99    -99    -99    -99    -99    -99    -99    -99    -99    -99    -99    -99    -99    -99    -99    -99    -99    -99    -99    -99    -99    -99    -99    -99    -99    -99    -99    -99    -99    -99    9207    8603   38534     -99   3.4   3.0 197.2 -99.0   2.7 -99.0  9323  8941  9323  8941 0.506 0.490   -99   -99   -99   -99   -99   -99   -99   -99   -99   -99
   4 UYAG1901CS     5  0 CS     8   -99     36    -99    -99    -99    -99    -99    -99    -99    -99    -99    -99    -99    -99    -99    -99    -99    -99    -99    -99    -99    -99    -99    -99    -99    -99    -99    -99    -99    -99    -99    -99    -99    9207   12410   38534     -99   3.4   3.0 197.2 -99.0   2.7 -99.0  9323 14292  9323 14292 0.506 0.465   -99   -99   -99   -99   -99   -99   -99   -99   -99   -99
   5 UYIB1801CS     5  0 CS     8   -99     36    -99    -99    -99    -99    -99    -99    -99    -99    -99    -99    -99    -99    -99    -99    -99    -99    -99    -99    -99    -99    -99    -99    -99    -99    -99    -99    -99    -99    -99    -99    -99    9207    9208   38534     -99   3.4   3.0 197.2 -99.0   2.7 -99.0  9323  7983  9323  7983 0.506 0.536   -99   -99   -99   -99   -99   -99   -99   -99   -99   -99
   6 UYIB1901CS     5  0 CS     8   -99     36    -99    -99    -99    -99    -99    -99    -99    -99    -99    -99    -99    -99    -99    -99    -99    -99    -99    -99    -99    -99    -99    -99    -99    -99    -99    -99    -99    -99    -99    -99    -99    9207    8395   38534     -99   3.4   3.0 197.2 -99.0   2.7 -99.0  9323  8286  9323  8286 0.506 0.503   -99   -99   -99   -99   -99   -99   -99   -99   -99   -99
   7 UYIK1701CS     5  0 CS     8   -99     36    -99    -99    -99    -99    -99    -99    -99    -99    -99    -99    -99    -99    -99    -99    -99    -99    -99    -99    -99    -99    -99    -99    -99    -99    -99    -99    -99    -99    -99    -99    -99    9207    9350   38534     -99   3.4   3.0 197.2 -99.0   2.7 -99.0  9323  7292  9323  7292 0.506 0.562   -99   -99   -99   -99   -99   -99   -99   -99   -99   -99
   8 UYIK1801CS     5  0 CS     8   -99     36    -99    -99    -99    -99    -99    -99    -99    -99    -99    -99    -99    -99    -99    -99    -99    -99    -99    -99    -99    -99    -99    -99    -99    -99    -99    -99    -99    -99    -99    -99    -99    9207    5861   38534     -99   3.4   3.0 197.2 -99.0   2.7 -99.0  9323  6684  9323  6684 0.506 0.467   -99   -99   -99   -99   -99   -99   -99   -99   -99   -99
   9 UYIK1901CS     5  0 CS     8   -99     36    -99    -99    -99    -99    -99    -99    -99    -99    -99    -99    -99    -99    -99    -99    -99    -99    -99    -99    -99    -99    -99    -99    -99    -99    -99    -99    -99    -99    -99    -99    -99    9207   14040   38534     -99   3.4   3.0 197.2 -99.0   2.7 -99.0  9323 15729  9323 15729 0.506 0.472   -99   -99   -99   -99   -99   -99   -99   -99   -99   -99
  10 UYKA1801CS     5  0 CS     8   -99     36    -99    -99    -99    -99    -99    -99    -99    -99    -99    -99    -99    -99    -99    -99    -99    -99    -99    -99    -99    -99    -99    -99    -99    -99    -99    -99    -99    -99    -99    -99    -99    9207    5941   38534     -99   3.4   3.0 197.2 -99.0   2.7 -99.0  9323  7500  9323  7500 0.506 0.442   -99   -99   -99   -99   -99   -99   -99   -99   -99   -99
  11 UYMO1701CS     5  0 CS     8   -99     36    -99    -99    -99    -99    -99    -99    -99    -99    -99    -99    -99    -99    -99    -99    -99    -99    -99    -99    -99    -99    -99    -99    -99    -99    -99    -99    -99    -99    -99    -99    -99    9207   15972   38534     -99   3.4   3.0 197.2 -99.0   2.7 -99.0  9323 11660  9323 11660 0.506 0.578   -99   -99   -99   -99   -99   -99   -99   -99   -99   -99
  12 UYMO1801CS     5  0 CS     8   -99     36    -99    -99    -99    -99    -99    -99    -99    -99    -99    -99    -99    -99    -99    -99    -99    -99    -99    -99    -99    -99    -99    -99    -99    -99    -99    -99    -99    -99    -99    -99    -99    9207    8618   38534     -99   3.4   3.0 197.2 -99.0   2.7 -99.0  9323  8212  9323  8212 0.506 0.512   -99   -99   -99   -99   -99   -99   -99   -99   -99   -99
  13 UYMO1901CS     5  0 CS     8   -99     36    -99    -99    -99    -99    -99    -99    -99    -99    -99    -99    -99    -99    -99    -99    -99    -99    -99    -99    -99    -99    -99    -99    -99    -99    -99    -99    -99    -99    -99    -99    -99    9207    6059   38534     -99   3.4   3.0 197.2 -99.0   2.7 -99.0  9323  6891  9323  6891 0.506 0.468   -99   -99   -99   -99   -99   -99   -99   -99   -99   -99
  14 UYON1801CS     5  0 CS     8   -99     36    -99    -99    -99    -99    -99    -99    -99    -99    -99    -99    -99    -99    -99    -99    -99    -99    -99    -99    -99    -99    -99    -99    -99    -99    -99    -99    -99    -99    -99    -99    -99    9207    6076   38534     -99   3.4   3.0 197.2 -99.0   2.7 -99.0  9323  3993  9323  3993 0.506 0.603   -99   -99   -99   -99   -99   -99   -99   -99   -99   -99
  15 UYON1901CS     5  0 CS     8   -99     36    -99    -99    -99    -99    -99    -99    -99    -99    -99    -99    -99    -99    -99    -99    -99    -99    -99    -99    -99    -99    -99    -99    -99    -99    -99    -99    -99    -99    -99    -99    -99    9207     -99   38534     -99   3.4   3.0 197.2 -99.0   2.7 -99.0  9323  1906  9323  1906 0.506   -99   -99   -99   -99   -99   -99   -99   -99   -99   -99   -99
  16 UYOT1801CS     5  0 CS     8   -99     36    -99    -99    -99    -99    -99    -99    -99    -99    -99    -99    -99    -99    -99    -99    -99    -99    -99    -99    -99    -99    -99    -99    -99    -99    -99    -99    -99    -99    -99    -99    -99    9207   11804   38534     -99   3.4   3.0 197.2 -99.0   2.7 -99.0  9323  8990  9323  8990 0.506 0.568   -99   -99   -99   -99   -99   -99   -99   -99   -99   -99
  17 UYUB1901CS     5  0 CS     8   -99     36    -99    -99    -99    -99    -99    -99    -99    -99    -99    -99    -99    -99    -99    -99    -99    -99    -99    -99    -99    -99    -99    -99    -99    -99    -99    -99    -99    -99    -99    -99    -99    9207    7827   38534     -99   3.4   3.0 197.2 -99.0   2.7 -99.0  9323  4651  9323  4651 0.506 0.627   -99   -99   -99   -99   -99   -99   -99   -99   -99   -99
  18 UYUM1801CS     5  0 CS     8   -99     36    -99    -99    -99    -99    -99    -99    -99    -99    -99    -99    -99    -99    -99    -99    -99    -99    -99    -99    -99    -99    -99    -99    -99    -99    -99    -99    -99    -99    -99    -99    -99    9207   10559   38534     -99   3.4   3.0 197.2 -99.0   2.7 -99.0  9323  5867  9323  5867 0.506 0.643   -99   -99   -99   -99   -99   -99   -99   -99   -99   -99
  19 UYZA1901CS     5  0 CS     8   -99     36    -99    -99    -99    -99    -99    -99    -99    -99    -99    -99    -99    -99    -99    -99    -99    -99    -99    -99    -99    -99    -99    -99    -99    -99    -99    -99    -99    -99    -99    -99    -99    9207    5084   38534     -99   3.4   3.0 197.2 -99.0   2.7 -99.0  9323  4651  9323  4651 0.506 0.522   -99   -99   -99   -99   -99   -99   -99   -99   -99   -99
   1 UYAB1901CS     5  0 CS     8   -99    173    -99    238    -99    -99    -99    -99    -99    -99    -99    -99    -99    -99    -99    -99    -99    -99    -99    -99    -99    -99    -99    -99    -99    -99    -99    -99    -99    -99    -99    -99    -99    9158    8916   33784     -99   1.4   3.0 199.1 -99.0   7.3 -99.0  5406  4370  5406  4370 0.647 0.671   -99   -99   -99   -99   -99   -99   -99   -99   -99   -99
   2 UYAG1701CS     5  0 CS     8   -99    173    -99    238    -99    -99    -99    -99    -99    -99    -99    -99    -99    -99    -99    -99    -99    -99    -99    -99    -99    -99    -99    -99    -99    -99    -99    -99    -99    -99    -99    -99    -99    9158   10763   33784     -99   1.4   3.0 199.1 -99.0   7.3 -99.0  5406 10451  5406 10451 0.647 0.507   -99   -99   -99   -99   -99   -99   -99   -99   -99   -99
   3 UYAG1801CS     5  0 CS     8   -99    173    -99    238    -99    -99    -99    -99    -99    -99    -99    -99    -99    -99    -99    -99    -99    -99    -99    -99    -99    -99    -99    -99    -99    -99    -99    -99    -99    -99    -99    -99    -99    9158    8603   33784     -99   1.4   3.0 199.1 -99.0   7.3 -99.0  5406  8941  5406  8941 0.647 0.490   -99   -99   -99   -99   -99   -99   -99   -99   -99   -99
   4 UYAG1901CS     5  0 CS     8   -99    173    -99    238    -99    -99    -99    -99    -99    -99    -99    -99    -99    -99    -99    -99    -99    -99    -99    -99    -99    -99    -99    -99    -99    -99    -99    -99    -99    -99    -99    -99    -99    9158   12410   33784     -99   1.4   3.0 199.1 -99.0   7.3 -99.0  5406 14292  5406 14292 0.647 0.465   -99   -99   -99   -99   -99   -99   -99   -99   -99   -99
   5 UYIB1801CS     5  0 CS     8   -99    173    -99    238    -99    -99    -99    -99    -99    -99    -99    -99    -99    -99    -99    -99    -99    -99    -99    -99    -99    -99    -99    -99    -99    -99    -99    -99    -99    -99    -99    -99    -99    9158    9208   33784     -99   1.4   3.0 199.1 -99.0   7.3 -99.0  5406  7983  5406  7983 0.647 0.536   -99   -99   -99   -99   -99   -99   -99   -99   -99   -99
   6 UYIB1901CS     5  0 CS     8   -99    173    -99    238    -99    -99    -99    -99    -99    -99    -99    -99    -99    -99    -99    -99    -99    -99    -99    -99    -99    -99    -99    -99    -99    -99    -99    -99    -99    -99    -99    -99    -99    9158    8395   33784     -99   1.4   3.0 199.1 -99.0   7.3 -99.0  5406  8286  5406  8286 0.647 0.503   -99   -99   -99   -99   -99   -99   -99   -99   -99   -99
   7 UYIK1701CS     5  0 CS     8   -99    173    -99    238    -99    -99    -99    -99    -99    -99    -99    -99    -99    -99    -99    -99    -99    -99    -99    -99    -99    -99    -99    -99    -99    -99    -99    -99    -99    -99    -99    -99    -99    9158    9350   33784     -99   1.4   3.0 199.1 -99.0   7.3 -99.0  5406  7292  5406  7292 0.647 0.562   -99   -99   -99   -99   -99   -99   -99   -99   -99   -99
   8 UYIK1801CS     5  0 CS     8   -99    173    -99    238    -99    -99    -99    -99    -99    -99    -99    -99    -99    -99    -99    -99    -99    -99    -99    -99    -99    -99    -99    -99    -99    -99    -99    -99    -99    -99    -99    -99    -99    9158    5861   33784     -99   1.4   3.0 199.1 -99.0   7.3 -99.0  5406  6684  5406  6684 0.647 0.467   -99   -99   -99   -99   -99   -99   -99   -99   -99   -99
   9 UYIK1901CS     5  0 CS     8   -99    173    -99    238    -99    -99    -99    -99    -99    -99    -99    -99    -99    -99    -99    -99    -99    -99    -99    -99    -99    -99    -99    -99    -99    -99    -99    -99    -99    -99    -99    -99    -99    9158   14040   33784     -99   1.4   3.0 199.1 -99.0   7.3 -99.0  5406 15729  5406 15729 0.647 0.472   -99   -99   -99   -99   -99   -99   -99   -99   -99   -99
  10 UYKA1801CS     5  0 CS     8   -99    173    -99    238    -99    -99    -99    -99    -99    -99    -99    -99    -99    -99    -99    -99    -99    -99    -99    -99    -99    -99    -99    -99    -99    -99    -99    -99    -99    -99    -99    -99    -99    9158    5941   33784     -99   1.4   3.0 199.1 -99.0   7.3 -99.0  5406  7500  5406  7500 0.647 0.442   -99   -99   -99   -99   -99   -99   -99   -99   -99   -99
  11 UYMO1701CS     5  0 CS     8   -99    173    -99    238    -99    -99    -99    -99    -99    -99    -99    -99    -99    -99    -99    -99    -99    -99    -99    -99    -99    -99    -99    -99    -99    -99    -99    -99    -99    -99    -99    -99    -99    9158   15972   33784     -99   1.4   3.0 199.1 -99.0   7.3 -99.0  5406 11660  5406 11660 0.647 0.578   -99   -99   -99   -99   -99   -99   -99   -99   -99   -99
  12 UYMO1801CS     5  0 CS     8   -99    173    -99    238    -99    -99    -99    -99    -99    -99    -99    -99    -99    -99    -99    -99    -99    -99    -99    -99    -99    -99    -99    -99    -99    -99    -99    -99    -99    -99    -99    -99    -99    9158    8618   33784     -99   1.4   3.0 199.1 -99.0   7.3 -99.0  5406  8212  5406  8212 0.647 0.512   -99   -99   -99   -99   -99   -99   -99   -99   -99   -99
  13 UYMO1901CS     5  0 CS     8   -99    173    -99    238    -99    -99    -99    -99    -99    -99    -99    -99    -99    -99    -99    -99    -99    -99    -99    -99    -99    -99    -99    -99    -99    -99    -99    -99    -99    -99    -99    -99    -99    9158    6059   33784     -99   1.4   3.0 199.1 -99.0   7.3 -99.0  5406  6891  5406  6891 0.647 0.468   -99   -99   -99   -99   -99   -99   -99   -99   -99   -99
  14 UYON1801CS     5  0 CS     8   -99    173    -99    238    -99    -99    -99    -99    -99    -99    -99    -99    -99    -99    -99    -99    -99    -99    -99    -99    -99    -99    -99    -99    -99    -99    -99    -99    -99    -99    -99    -99    -99    9158    6076   33784     -99   1.4   3.0 199.1 -99.0   7.3 -99.0  5406  3993  5406  3993 0.647 0.603   -99   -99   -99   -99   -99   -99   -99   -99   -99   -99
  15 UYON1901CS     5  0 CS     8   -99    173    -99    238    -99    -99    -99    -99    -99    -99    -99    -99    -99    -99    -99    -99    -99    -99    -99    -99    -99    -99    -99    -99    -99    -99    -99    -99    -99    -99    -99    -99    -99    9158     -99   33784     -99   1.4   3.0 199.1 -99.0   7.3 -99.0  5406  1906  5406  1906 0.647   -99   -99   -99   -99   -99   -99   -99   -99   -99   -99   -99
  16 UYOT1801CS     5  0 CS     8   -99    173    -99    238    -99    -99    -99    -99    -99    -99    -99    -99    -99    -99    -99    -99    -99    -99    -99    -99    -99    -99    -99    -99    -99    -99    -99    -99    -99    -99    -99    -99    -99    9158   11804   33784     -99   1.4   3.0 199.1 -99.0   7.3 -99.0  5406  8990  5406  8990 0.647 0.568   -99   -99   -99   -99   -99   -99   -99   -99   -99   -99
  17 UYUB1901CS     5  0 CS     8   -99    173    -99    238    -99    -99    -99    -99    -99    -99    -99    -99    -99    -99    -99    -99    -99    -99    -99    -99    -99    -99    -99    -99    -99    -99    -99    -99    -99    -99    -99    -99    -99    9158    7827   33784     -99   1.4   3.0 199.1 -99.0   7.3 -99.0  5406  4651  5406  4651 0.647 0.627   -99   -99   -99   -99   -99   -99   -99   -99   -99   -99
  18 UYUM1801CS     5  0 CS     8   -99    173    -99    238    -99    -99    -99    -99    -99    -99    -99    -99    -99    -99    -99    -99    -99    -99    -99    -99    -99    -99    -99    -99    -99    -99    -99    -99    -99    -99    -99    -99    -99    9158   10559   33784     -99   1.4   3.0 199.1 -99.0   7.3 -99.0  5406  5867  5406  5867 0.647 0.643   -99   -99   -99   -99   -99   -99   -99   -99   -99   -99
  19 UYZA1901CS     5  0 CS     8   -99    173    -99    238    -99    -99    -99    -99    -99    -99    -99    -99    -99    -99    -99    -99    -99    -99    -99    -99    -99    -99    -99    -99    -99    -99    -99    -99    -99    -99    -99    -99    -99    9158    5084   33784     -99   1.4   3.0 199.1 -99.0   7.3 -99.0  5406  4651  5406  4651 0.647 0.522   -99   -99   -99   -99   -99   -99   -99   -99   -99   -99
   1 UYAB1901CS     5  0 CS     8   -99    242    -99    -99    -99    -99    -99    -99    -99    -99    -99    -99    -99    -99    -99    -99    -99    -99    -99    -99    -99    -99    -99    -99    -99    -99    -99    -99    -99    -99    -99    -99    -99    7678    8916   29219     -99   1.4   3.0 200.3 -99.0   2.7 -99.0  5012  4370  5012  4370 0.619 0.671   -99   -99   -99   -99   -99   -99   -99   -99   -99   -99
   2 UYAG1701CS     5  0 CS     8   -99    242    -99    -99    -99    -99    -99    -99    -99    -99    -99    -99    -99    -99    -99    -99    -99    -99    -99    -99    -99    -99    -99    -99    -99    -99    -99    -99    -99    -99    -99    -99    -99    7678   10763   29219     -99   1.4   3.0 200.3 -99.0   2.7 -99.0  5012 10451  5012 10451 0.619 0.507   -99   -99   -99   -99   -99   -99   -99   -99   -99   -99
   3 UYAG1801CS     5  0 CS     8   -99    242    -99    -99    -99    -99    -99    -99    -99    -99    -99    -99    -99    -99    -99    -99    -99    -99    -99    -99    -99    -99    -99    -99    -99    -99    -99    -99    -99    -99    -99    -99    -99    7678    8603   29219     -99   1.4   3.0 200.3 -99.0   2.7 -99.0  5012  8941  5012  8941 0.619 0.490   -99   -99   -99   -99   -99   -99   -99   -99   -99   -99
   4 UYAG1901CS     5  0 CS     8   -99    242    -99    -99    -99    -99    -99    -99    -99    -99    -99    -99    -99    -99    -99    -99    -99    -99    -99    -99    -99    -99    -99    -99    -99    -99    -99    -99    -99    -99    -99    -99    -99    7678   12410   29219     -99   1.4   3.0 200.3 -99.0   2.7 -99.0  5012 14292  5012 14292 0.619 0.465   -99   -99   -99   -99   -99   -99   -99   -99   -99   -99
   5 UYIB1801CS     5  0 CS     8   -99    242    -99    -99    -99    -99    -99    -99    -99    -99    -99    -99    -99    -99    -99    -99    -99    -99    -99    -99    -99    -99    -99    -99    -99    -99    -99    -99    -99    -99    -99    -99    -99    7678    9208   29219     -99   1.4   3.0 200.3 -99.0   2.7 -99.0  5012  7983  5012  7983 0.619 0.536   -99   -99   -99   -99   -99   -99   -99   -99   -99   -99
   6 UYIB1901CS     5  0 CS     8   -99    242    -99    -99    -99    -99    -99    -99    -99    -99    -99    -99    -99    -99    -99    -99    -99    -99    -99    -99    -99    -99    -99    -99    -99    -99    -99    -99    -99    -99    -99    -99    -99    7678    8395   29219     -99   1.4   3.0 200.3 -99.0   2.7 -99.0  5012  8286  5012  8286 0.619 0.503   -99   -99   -99   -99   -99   -99   -99   -99   -99   -99
   7 UYIK1701CS     5  0 CS     8   -99    242    -99    -99    -99    -99    -99    -99    -99    -99    -99    -99    -99    -99    -99    -99    -99    -99    -99    -99    -99    -99    -99    -99    -99    -99    -99    -99    -99    -99    -99    -99    -99    7678    9350   29219     -99   1.4   3.0 200.3 -99.0   2.7 -99.0  5012  7292  5012  7292 0.619 0.562   -99   -99   -99   -99   -99   -99   -99   -99   -99   -99
   8 UYIK1801CS     5  0 CS     8   -99    242    -99    -99    -99    -99    -99    -99    -99    -99    -99    -99    -99    -99    -99    -99    -99    -99    -99    -99    -99    -99    -99    -99    -99    -99    -99    -99    -99    -99    -99    -99    -99    7678    5861   29219     -99   1.4   3.0 200.3 -99.0   2.7 -99.0  5012  6684  5012  6684 0.619 0.467   -99   -99   -99   -99   -99   -99   -99   -99   -99   -99
   9 UYIK1901CS     5  0 CS     8   -99    242    -99    -99    -99    -99    -99    -99    -99    -99    -99    -99    -99    -99    -99    -99    -99    -99    -99    -99    -99    -99    -99    -99    -99    -99    -99    -99    -99    -99    -99    -99    -99    7678   14040   29219     -99   1.4   3.0 200.3 -99.0   2.7 -99.0  5012 15729  5012 15729 0.619 0.472   -99   -99   -99   -99   -99   -99   -99   -99   -99   -99
  10 UYKA1801CS     5  0 CS     8   -99    242    -99    -99    -99    -99    -99    -99    -99    -99    -99    -99    -99    -99    -99    -99    -99    -99    -99    -99    -99    -99    -99    -99    -99    -99    -99    -99    -99    -99    -99    -99    -99    7678    5941   29219     -99   1.4   3.0 200.3 -99.0   2.7 -99.0  5012  7500  5012  7500 0.619 0.442   -99   -99   -99   -99   -99   -99   -99   -99   -99   -99
  11 UYMO1701CS     5  0 CS     8   -99    242    -99    -99    -99    -99    -99    -99    -99    -99    -99    -99    -99    -99    -99    -99    -99    -99    -99    -99    -99    -99    -99    -99    -99    -99    -99    -99    -99    -99    -99    -99    -99    7678   15972   29219     -99   1.4   3.0 200.3 -99.0   2.7 -99.0  5012 11660  5012 11660 0.619 0.578   -99   -99   -99   -99   -99   -99   -99   -99   -99   -99
  12 UYMO1801CS     5  0 CS     8   -99    242    -99    -99    -99    -99    -99    -99    -99    -99    -99    -99    -99    -99    -99    -99    -99    -99    -99    -99    -99    -99    -99    -99    -99    -99    -99    -99    -99    -99    -99    -99    -99    7678    8618   29219     -99   1.4   3.0 200.3 -99.0   2.7 -99.0  5012  8212  5012  8212 0.619 0.512   -99   -99   -99   -99   -99   -99   -99   -99   -99   -99
  13 UYMO1901CS     5  0 CS     8   -99    242    -99    -99    -99    -99    -99    -99    -99    -99    -99    -99    -99    -99    -99    -99    -99    -99    -99    -99    -99    -99    -99    -99    -99    -99    -99    -99    -99    -99    -99    -99    -99    7678    6059   29219     -99   1.4   3.0 200.3 -99.0   2.7 -99.0  5012  6891  5012  6891 0.619 0.468   -99   -99   -99   -99   -99   -99   -99   -99   -99   -99
  14 UYON1801CS     5  0 CS     8   -99    242    -99    -99    -99    -99    -99    -99    -99    -99    -99    -99    -99    -99    -99    -99    -99    -99    -99    -99    -99    -99    -99    -99    -99    -99    -99    -99    -99    -99    -99    -99    -99    7678    6076   29219     -99   1.4   3.0 200.3 -99.0   2.7 -99.0  5012  3993  5012  3993 0.619 0.603   -99   -99   -99   -99   -99   -99   -99   -99   -99   -99
  15 UYON1901CS     5  0 CS     8   -99    242    -99    -99    -99    -99    -99    -99    -99    -99    -99    -99    -99    -99    -99    -99    -99    -99    -99    -99    -99    -99    -99    -99    -99    -99    -99    -99    -99    -99    -99    -99    -99    7678     -99   29219     -99   1.4   3.0 200.3 -99.0   2.7 -99.0  5012  1906  5012  1906 0.619   -99   -99   -99   -99   -99   -99   -99   -99   -99   -99   -99
  16 UYOT1801CS     5  0 CS     8   -99    242    -99    -99    -99    -99    -99    -99    -99    -99    -99    -99    -99    -99    -99    -99    -99    -99    -99    -99    -99    -99    -99    -99    -99    -99    -99    -99    -99    -99    -99    -99    -99    7678   11804   29219     -99   1.4   3.0 200.3 -99.0   2.7 -99.0  5012  8990  5012  8990 0.619 0.568   -99   -99   -99   -99   -99   -99   -99   -99   -99   -99
  17 UYUB1901CS     5  0 CS     8   -99    242    -99    -99    -99    -99    -99    -99    -99    -99    -99    -99    -99    -99    -99    -99    -99    -99    -99    -99    -99    -99    -99    -99    -99    -99    -99    -99    -99    -99    -99    -99    -99    7678    7827   29219     -99   1.4   3.0 200.3 -99.0   2.7 -99.0  5012  4651  5012  4651 0.619 0.627   -99   -99   -99   -99   -99   -99   -99   -99   -99   -99
  18 UYUM1801CS     5  0 CS     8   -99    242    -99    -99    -99    -99    -99    -99    -99    -99    -99    -99    -99    -99    -99    -99    -99    -99    -99    -99    -99    -99    -99    -99    -99    -99    -99    -99    -99    -99    -99    -99    -99    7678   10559   29219     -99   1.4   3.0 200.3 -99.0   2.7 -99.0  5012  5867  5012  5867 0.619 0.643   -99   -99   -99   -99   -99   -99   -99   -99   -99   -99
  19 UYZA1901CS     5  0 CS     8   -99    242    -99    -99    -99    -99    -99    -99    -99    -99    -99    -99    -99    -99    -99    -99    -99    -99    -99    -99    -99    -99    -99    -99    -99    -99    -99    -99    -99    -99    -99    -99    -99    7678    5084   29219     -99   1.4   3.0 200.3 -99.0   2.7 -99.0  5012  4651  5012  4651 0.619 0.522   -99   -99   -99   -99   -99   -99   -99   -99   -99   -99
