594.185 1222.147 1493.48 1062.847 1.138737 2.194515 3.36533 3.782222 798.744 172.5264 1628.995 0.3270487 1.080497 14.41616 1.885129
594.185 1222.147 1493.48 1062.847 3.684587 2.270188 1.953384 2.226829 320.0699 270.5521 701.025 0.2344764 1.498829 8.673893 3.650933
594.185 1222.147 1493.48 1062.847 1.065507 1.91619 1.246153 2.092288 838.6954 192.6013 1452.591 0.2021068 1.361235 7.784765 1.301319
594.185 1222.147 1493.48 1062.847 2.983271 3.809152 1.244646 2.700851 750.509 268.6921 1773.253 0.2488552 1.666417 14.3201 1.417698
594.185 1222.147 1493.48 1062.847 3.451848 2.104254 1.040807 2.053596 798.2603 193.1809 611.0425 0.3178319 1.436819 7.302261 2.685288
594.185 1222.147 1493.48 1062.847 2.927635 2.280545 3.968685 3.14066 445.6444 226.2699 1524.576 0.2544704 0.7709972 12.8105 3.682724
594.185 1222.147 1493.48 1062.847 1.785775 3.744653 1.037842 1.263943 812.65 243.8 1242.569 0.3204791 1.3711 10.62257 2.052359
594.185 1222.147 1493.48 1062.847 1.296498 2.920647 1.870331 1.639939 387.2735 234.4538 1082.78 0.269001 0.9635288 7.430521 1.69578
594.185 1222.147 1493.48 1062.847 1.57396 1.985322 3.342861 2.059685 816.2676 231.2018 1588.49 0.2437423 0.7053478 5.151299 1.641829
594.185 1222.147 1493.48 1062.847 2.158965 2.857248 2.616807 1.775615 864.2061 236.5749 1045.951 0.3125663 1.313567 3.874444 2.347256
